1400
7.847857142857142
experiment-$-[1, 52, 74, 84, 189, 256, 271, 339, 344, 372, 420, 423, 497, 544, 549, 558, 569, 662, 688, 766, 772, 801, 816, 836, 847, 856, 857, 858, 878, 911, 950, 986, 997, 1062, 1074, 1075, 1097, 1098, 1155, 1156, 1159, 1167, 1204, 1218, 1364]
investig-$-[1, 19, 30, 37, 45, 50, 73, 82, 84, 89, 126, 129, 174, 187, 189, 198, 243, 252, 294, 372, 374, 423, 463, 497, 566, 569, 643, 662, 673, 689, 692, 693, 711, 757, 759, 766, 796, 804, 808, 809, 811, 812, 815, 816, 836, 858, 875, 878, 902, 927, 946, 960, 994, 1001, 1002, 1062, 1065, 1074, 1075, 1083, 1091, 1094, 1095, 1098, 1100, 1155, 1156, 1159, 1162, 1163, 1165, 1166, 1199, 1305, 1323, 1338, 1341, 1352, 1353, 1354, 1364, 1367, 1377]
aerodynam-$-[1, 14, 29, 51, 66, 137, 141, 142, 172, 185, 205, 272, 289, 296, 329, 415, 441, 530, 546, 567, 599, 606, 608, 638, 658, 685, 688, 689, 704, 708, 709, 711, 712, 715, 748, 749, 815, 859, 860, 861, 877, 899, 947, 972, 999, 1066, 1089, 1104, 1112, 1115, 1164, 1197, 1209, 1244, 1271, 1272, 1289, 1328, 1333, 1334, 1335, 1342, 1345, 1352]
wing-$-[1, 13, 30, 31, 42, 95, 147, 189, 195, 200, 204, 205, 222, 225, 226, 227, 229, 230, 246, 247, 250, 251, 279, 284, 287, 288, 333, 336, 415, 420, 432, 433, 434, 442, 464, 465, 497, 513, 547, 561, 600, 601, 612, 632, 633, 637, 638, 652, 671, 673, 674, 675, 676, 677, 678, 679, 680, 681, 682, 683, 696, 698, 699, 704, 705, 708, 712, 748, 749, 752, 755, 768, 779, 780, 783, 791, 793, 794, 797, 860, 877, 895, 901, 902, 916, 917, 918, 919, 920, 970, 1064, 1075, 1092, 1094, 1115, 1164, 1186, 1197, 1208, 1229, 1239, 1266, 1276, 1280, 1289, 1290, 1332, 1333, 1334, 1337, 1338, 1339, 1340, 1341, 1343, 1362]
slipstream-$-[1, 1064, 1094, 1095, 1144]
simpl-$-[2, 3, 29, 372, 389, 482, 676, 686, 833, 1133, 1311]
shear-$-[2, 3, 4, 109, 116, 135, 180, 388, 389, 393, 398, 400, 412, 418, 419, 452, 453, 484, 659, 660, 664, 940, 943, 1233, 1283, 1302, 1387, 1396, 1397, 1398, 1399, 1400]
flow-$-[2, 3, 4, 6, 17, 18, 19, 21, 23, 25, 26, 27, 28, 34, 35, 36, 37, 39, 45, 48, 53, 56, 61, 63, 70, 81, 86, 87, 88, 89, 94, 96, 97, 98, 105, 106, 109, 116, 118, 119, 121, 122, 133, 134, 135, 144, 145, 146, 147, 149, 152, 157, 159, 160, 161, 165, 166, 167, 180, 182, 183, 186, 187, 192, 193, 196, 201, 206, 208, 211, 216, 217, 222, 224, 231, 232, 236, 240, 242, 244, 247, 257, 259, 261, 266, 269, 270, 273, 277, 278, 280, 294, 297, 298, 299, 304, 306, 308, 310, 313, 317, 318, 324, 325, 326, 328, 329, 332, 333, 335, 340, 347, 351, 352, 360, 361, 372, 375, 378, 379, 382, 383, 385, 386, 387, 388, 389, 393, 394, 395, 398, 404, 407, 410, 417, 418, 420, 423, 426, 427, 428, 430, 433, 435, 439, 440, 445, 450, 452, 455, 456, 457, 458, 464, 466, 467, 468, 469, 470, 472, 483, 485, 487, 489, 491, 494, 495, 498, 500, 501, 514, 523, 525, 526, 529, 530, 531, 533, 534, 535, 537, 539, 541, 544, 549, 556, 557, 561, 570, 571, 572, 574, 576, 578, 579, 589, 590, 597, 601, 602, 604, 607, 612, 625, 626, 630, 632, 633, 637, 651, 653, 657, 659, 660, 661, 663, 665, 669, 675, 680, 682, 683, 686, 690, 691, 696, 699, 705, 706, 714, 750, 751, 757, 770, 771, 773, 774, 775, 784, 785, 793, 797, 801, 802, 818, 892, 895, 900, 902, 903, 916, 917, 918, 919, 920, 922, 933, 939, 941, 949, 959, 965, 966, 967, 970, 975, 984, 987, 988, 989, 992, 993, 998, 1076, 1078, 1080, 1081, 1082, 1083, 1084, 1105, 1106, 1107, 1108, 1110, 1112, 1139, 1142, 1143, 1144, 1148, 1151, 1153, 1179, 1180, 1181, 1182, 1189, 1190, 1194, 1198, 1200, 1202, 1204, 1205, 1210, 1213, 1221, 1222, 1227, 1228, 1229, 1231, 1233, 1238, 1242, 1245, 1249, 1250, 1251, 1253, 1255, 1256, 1259, 1262, 1267, 1273, 1274, 1275, 1280, 1281, 1282, 1283, 1284, 1287, 1297, 1302, 1304, 1306, 1309, 1310, 1313, 1319, 1323, 1325, 1330, 1332, 1334, 1351, 1354, 1356, 1367, 1373, 1377, 1385, 1390, 1391, 1394]
past-$-[2, 3, 39, 87, 106, 117, 146, 147, 149, 152, 160, 161, 192, 201, 231, 259, 273, 297, 299, 308, 318, 328, 361, 388, 389, 404, 445, 556, 557, 601, 659, 669, 770, 771, 802, 922, 933, 1078, 1082, 1084, 1110, 1181, 1189, 1194, 1233, 1251, 1259, 1267, 1309]
flat-$-[2, 3, 9, 22, 61, 87, 180, 207, 226, 260, 269, 304, 305, 306, 308, 309, 310, 327, 345, 346, 361, 388, 389, 393, 412, 464, 525, 568, 571, 611, 636, 663, 664, 692, 693, 694, 727, 732, 766, 836, 864, 970, 971, 972, 996, 1107, 1200, 1237, 1343, 1370, 1392]
plate-$-[2, 3, 4, 9, 22, 61, 87, 98, 114, 180, 207, 208, 257, 260, 267, 269, 299, 304, 305, 306, 308, 309, 310, 327, 346, 361, 388, 389, 392, 393, 400, 407, 408, 412, 419, 422, 424, 425, 454, 464, 525, 551, 568, 571, 611, 636, 641, 644, 647, 663, 664, 678, 694, 730, 732, 733, 734, 735, 736, 737, 751, 836, 863, 915, 970, 972, 996, 1048, 1049, 1050, 1054, 1055, 1056, 1060, 1067, 1107, 1109, 1120, 1130, 1200, 1237, 1251, 1320, 1357, 1358, 1363, 1370, 1396, 1397, 1398, 1399, 1400]
incompress-$-[2, 4, 23, 105, 153, 165, 255, 261, 298, 323, 324, 376, 380, 382, 397, 460, 632, 699, 748, 784, 933, 941, 989]
fluid-$-[2, 50, 59, 61, 71, 72, 73, 104, 112, 118, 131, 152, 153, 241, 267, 269, 298, 300, 309, 323, 324, 348, 350, 362, 363, 389, 397, 408, 414, 442, 444, 474, 507, 770, 771, 775, 785, 848, 873, 974, 1078, 1083, 1203, 1221, 1288, 1335, 1375]
small-$-[2, 5, 149, 247, 296, 361, 470, 509, 605, 660, 826, 828, 992, 1048, 1207, 1260, 1392]
viscos-$-[2, 17, 132, 331, 1082]
boundari-$-[3, 4, 7, 8, 16, 23, 40, 43, 49, 50, 54, 55, 62, 71, 72, 73, 79, 80, 94, 104, 105, 111, 125, 128, 133, 134, 145, 150, 155, 170, 180, 207, 209, 244, 254, 255, 256, 260, 261, 265, 266, 271, 292, 293, 306, 307, 314, 316, 320, 321, 322, 325, 326, 327, 328, 334, 335, 336, 337, 339, 340, 342, 343, 345, 347, 348, 349, 355, 358, 364, 365, 366, 375, 376, 381, 382, 383, 397, 406, 458, 459, 460, 461, 475, 476, 477, 479, 481, 493, 504, 526, 527, 528, 529, 538, 547, 560, 562, 563, 565, 569, 570, 572, 611, 629, 645, 646, 648, 655, 661, 662, 664, 731, 754, 784, 788, 789, 796, 798, 855, 872, 899, 962, 977, 978, 979, 981, 996, 1076, 1107, 1109, 1149, 1154, 1155, 1182, 1185, 1187, 1192, 1199, 1205, 1211, 1220, 1225, 1226, 1228, 1236, 1237, 1240, 1241, 1254, 1260, 1261, 1263, 1264, 1268, 1278, 1284, 1300, 1301, 1302, 1311, 1321, 1322, 1324, 1355, 1364, 1365, 1366, 1370, 1372, 1381, 1382, 1383, 1384, 1385, 1386]
layer-$-[3, 4, 7, 8, 16, 23, 40, 43, 49, 50, 54, 55, 59, 62, 71, 72, 73, 74, 79, 80, 94, 104, 105, 111, 119, 125, 128, 133, 134, 145, 150, 155, 170, 180, 207, 209, 244, 254, 255, 256, 260, 261, 265, 271, 292, 293, 306, 307, 314, 316, 325, 326, 327, 328, 334, 335, 336, 337, 339, 340, 342, 343, 345, 347, 348, 349, 355, 358, 364, 365, 366, 375, 376, 381, 382, 383, 397, 406, 458, 459, 460, 461, 475, 477, 479, 481, 493, 504, 526, 527, 528, 529, 538, 547, 560, 562, 563, 565, 569, 570, 572, 611, 629, 645, 646, 655, 661, 662, 664, 667, 754, 784, 788, 789, 796, 798, 872, 899, 940, 943, 962, 977, 979, 996, 1076, 1109, 1149, 1154, 1155, 1182, 1185, 1187, 1192, 1199, 1205, 1211, 1220, 1225, 1226, 1228, 1235, 1236, 1237, 1240, 1241, 1254, 1260, 1261, 1263, 1264, 1268, 1278, 1284, 1299, 1300, 1301, 1302, 1311, 1322, 1324, 1355, 1356, 1364, 1365, 1366, 1370, 1372, 1381, 1382, 1383, 1384, 1385, 1386]
approxim-$-[4, 68, 122, 160, 164, 232, 242, 255, 281, 301, 302, 306, 307, 369, 454, 461, 467, 479, 507, 509, 523, 556, 557, 570, 581, 586, 591, 606, 611, 648, 699, 777, 788, 842, 974, 985, 986, 990, 1076, 1152, 1180, 1182, 1238, 1347, 1365, 1375]
solut-$-[4, 11, 28, 59, 62, 104, 111, 155, 160, 228, 255, 260, 264, 266, 268, 292, 300, 307, 320, 321, 322, 349, 369, 425, 435, 459, 467, 495, 499, 565, 570, 611, 660, 661, 731, 777, 939, 966, 977, 981, 1054, 1063, 1073, 1077, 1081, 1082, 1085, 1086, 1105, 1138, 1182, 1193, 1202, 1240, 1246, 1311, 1312, 1322, 1369, 1375, 1382, 1392]
laminar-$-[4, 11, 23, 49, 50, 54, 55, 62, 71, 73, 81, 94, 96, 98, 101, 111, 133, 145, 155, 207, 241, 260, 269, 270, 283, 292, 294, 306, 307, 325, 326, 334, 336, 340, 342, 350, 352, 354, 355, 364, 375, 382, 387, 418, 435, 457, 458, 459, 461, 474, 475, 477, 487, 489, 493, 522, 526, 528, 529, 534, 539, 550, 560, 562, 568, 611, 629, 661, 662, 689, 754, 784, 789, 962, 967, 982, 1072, 1076, 1109, 1180, 1182, 1183, 1185, 1192, 1199, 1226, 1228, 1235, 1240, 1242, 1260, 1278, 1287, 1307, 1323, 1325, 1365, 1366, 1367, 1375, 1382, 1383, 1384, 1385, 1386]
equat-$-[4, 104, 111, 150, 155, 255, 300, 307, 313, 349, 376, 383, 459, 467, 476, 479, 507, 527, 538, 570, 591, 637, 681, 705, 850, 851, 853, 931, 977, 981, 998, 1063, 1073, 1081, 1082, 1085, 1086, 1087, 1088, 1123, 1240, 1322, 1382, 1388]
one-dimension-$-[5, 6]
transient-$-[5, 6, 29, 30, 159, 267, 653, 869, 980]
heat-$-[5, 6, 13, 21, 22, 23, 24, 29, 37, 45, 51, 54, 55, 62, 66, 81, 82, 98, 101, 119, 120, 142, 144, 154, 158, 159, 168, 181, 240, 260, 269, 270, 283, 294, 295, 303, 325, 339, 350, 352, 378, 383, 387, 395, 396, 398, 399, 435, 436, 437, 438, 485, 493, 500, 509, 518, 522, 524, 539, 542, 546, 550, 554, 555, 559, 560, 564, 566, 571, 579, 584, 585, 586, 606, 623, 635, 651, 655, 662, 666, 668, 670, 689, 715, 754, 784, 789, 859, 860, 861, 872, 873, 877, 944, 959, 962, 963, 982, 983, 1096, 1104, 1106, 1107, 1147, 1159, 1161, 1177, 1185, 1191, 1192, 1204, 1207, 1213, 1219, 1226, 1258, 1263, 1264, 1268, 1281, 1300, 1328, 1348, 1361, 1362, 1366, 1386, 1393, 1394, 1395]
conduct-$-[5, 61, 66, 104, 112, 119, 168, 181, 267, 269, 298, 399, 407, 408, 518, 542, 584, 586, 944, 1221]
double-lay-$-[5]
slab-$-[5, 6, 90, 91, 144, 399, 485, 582]
subject-$-[5, 51, 319, 419, 509, 644, 760, 779, 836, 837, 887, 938, 982, 1056, 1132, 1133, 1361]
linear-$-[5, 167, 470, 485, 521, 681, 1208, 1262, 1276]
input-$-[5]
time-$-[5, 950, 981, 1143, 1317]
intern-$-[5, 168, 763, 764, 839, 846, 848, 1051, 1071]
multilay-$-[6]
effect-$-[7, 8, 26, 42, 43, 44, 57, 66, 79, 80, 94, 96, 128, 132, 133, 139, 156, 173, 174, 182, 187, 197, 201, 208, 211, 245, 252, 258, 275, 282, 286, 288, 291, 293, 297, 303, 311, 315, 319, 324, 326, 331, 340, 342, 353, 362, 371, 380, 416, 442, 496, 520, 528, 529, 560, 562, 568, 572, 590, 600, 610, 624, 628, 629, 634, 646, 655, 658, 672, 678, 685, 692, 693, 695, 697, 714, 715, 749, 763, 766, 797, 798, 799, 811, 815, 822, 823, 839, 848, 857, 858, 865, 870, 899, 909, 946, 966, 972, 973, 992, 993, 1051, 1064, 1076, 1082, 1091, 1093, 1094, 1095, 1096, 1107, 1131, 1139, 1142, 1159, 1164, 1165, 1167, 1177, 1184, 1204, 1205, 1211, 1212, 1213, 1215, 1221, 1225, 1227, 1229, 1265, 1273, 1274, 1287, 1292, 1300, 1319, 1321, 1324, 1337, 1338, 1349, 1350, 1351, 1352, 1355, 1367, 1381]
control-$-[7, 367, 368, 416, 451, 638, 748, 773, 969, 974, 1162, 1163, 1288, 1326, 1340, 1349]
three-dimension-$-[7, 8, 80, 362, 700, 714, 1276, 1281]
rough-$-[7, 8, 43, 80, 96, 182, 314, 710, 796, 933, 1211, 1212, 1381]
transit-$-[7, 8, 9, 40, 41, 43, 53, 79, 80, 96, 182, 187, 207, 293, 294, 295, 314, 315, 337, 418, 505, 522, 536, 558, 710, 796, 1093, 1205, 1211, 1220, 1264, 1278, 1284, 1300, 1324, 1325, 1381]
superson-$-[7, 31, 36, 40, 41, 48, 52, 53, 60, 80, 93, 95, 121, 122, 124, 126, 127, 146, 147, 161, 173, 174, 175, 176, 179, 182, 186, 187, 188, 189, 193, 200, 201, 212, 213, 214, 216, 221, 224, 225, 226, 231, 232, 242, 243, 248, 251, 253, 259, 272, 276, 278, 279, 284, 301, 340, 346, 369, 371, 373, 391, 406, 409, 410, 426, 428, 429, 430, 433, 434, 455, 464, 472, 487, 501, 511, 513, 519, 529, 561, 566, 597, 608, 626, 633, 657, 662, 680, 682, 683, 694, 708, 747, 773, 790, 798, 802, 807, 810, 814, 880, 896, 914, 915, 918, 920, 922, 923, 927, 973, 987, 992, 993, 994, 1061, 1074, 1075, 1096, 1105, 1108, 1110, 1112, 1151, 1192, 1196, 1197, 1199, 1202, 1207, 1211, 1212, 1224, 1225, 1227, 1228, 1233, 1243, 1247, 1258, 1259, 1262, 1267, 1269, 1270, 1271, 1272, 1280, 1284, 1300, 1302, 1306, 1320, 1339, 1343, 1352, 1367, 1374, 1377, 1380]
speed-$-[7, 12, 40, 41, 52, 53, 60, 70, 80, 101, 139, 141, 174, 176, 179, 193, 197, 204, 211, 222, 225, 226, 238, 239, 242, 248, 251, 253, 280, 309, 315, 316, 334, 391, 406, 421, 429, 430, 433, 435, 436, 438, 442, 464, 508, 513, 519, 536, 566, 568, 606, 631, 638, 655, 663, 666, 670, 671, 676, 679, 683, 700, 704, 707, 708, 709, 711, 746, 747, 774, 790, 792, 795, 796, 797, 799, 800, 814, 874, 876, 879, 904, 916, 923, 924, 925, 927, 945, 976, 991, 1002, 1063, 1084, 1111, 1114, 1124, 1147, 1155, 1212, 1274, 1285, 1289, 1300, 1303, 1305, 1319, 1320, 1339, 1341, 1380]
measur-$-[8, 9, 58, 76, 120, 125, 135, 165, 199, 205, 238, 346, 347, 354, 431, 438, 443, 505, 513, 516, 546, 558, 594, 597, 605, 668, 671, 755, 776, 790, 791, 805, 806, 807, 808, 809, 815, 900, 1000, 1003, 1004, 1005, 1006, 1007, 1008, 1009, 1010, 1011, 1066, 1090, 1096, 1115, 1150, 1155, 1161, 1290, 1307, 1316, 1318, 1325, 1394, 1395]
two-dimension-$-[8, 15, 126, 131, 206, 277, 453, 484, 487, 597, 701, 799, 933, 1076, 1105, 1195, 1223, 1281]
element-$-[8, 884, 1041]
studi-$-[9, 29, 56, 70, 74, 75, 164, 171, 193, 204, 221, 256, 277, 289, 293, 390, 420, 421, 456, 464, 544, 549, 560, 639, 644, 657, 695, 716, 727, 772, 775, 797, 801, 847, 856, 857, 865, 911, 919, 952, 967, 991, 997, 1099, 1108, 1153, 1167, 1201, 1269, 1277, 1336, 1337]
skin-$-[9, 125, 140, 145, 254, 260, 413, 493, 560, 568, 655, 728, 729, 786, 944, 982]
friction-$-[9, 125, 140, 145, 254, 260, 346, 378, 413, 493, 560, 568, 655, 786, 861]
insul-$-[9, 304, 364, 525, 568]
mach-$-[9, 58, 174, 177, 205, 264, 282, 285, 293, 312, 314, 338, 372, 413, 423, 430, 470, 522, 546, 564, 567, 569, 571, 593, 630, 634, 636, 662, 685, 686, 687, 689, 690, 692, 693, 694, 695, 696, 701, 702, 713, 755, 757, 759, 766, 791, 793, 794, 805, 806, 808, 809, 812, 816, 856, 857, 858, 859, 860, 946, 947, 948, 970, 971, 972, 999, 1000, 1062, 1065, 1066, 1104, 1106, 1107, 1140, 1153, 1188, 1206, 1218, 1292, 1307, 1343, 1349, 1350, 1352, 1355, 1367, 1378, 1381]
number-$-[9, 53, 58, 149, 174, 177, 197, 205, 238, 244, 264, 285, 312, 314, 338, 361, 372, 413, 423, 470, 546, 564, 567, 571, 593, 630, 634, 636, 662, 666, 667, 668, 670, 685, 686, 687, 689, 690, 692, 693, 694, 695, 696, 701, 702, 713, 755, 757, 759, 766, 776, 791, 793, 794, 805, 806, 808, 809, 812, 816, 857, 858, 860, 946, 947, 948, 970, 972, 979, 999, 1000, 1062, 1065, 1066, 1078, 1080, 1081, 1082, 1104, 1107, 1140, 1153, 1188, 1191, 1214, 1218, 1256, 1292, 1307, 1349, 1352, 1355, 1367, 1378, 1381]
5.8-$-[9, 569]
theori-$-[10, 14, 20, 24, 27, 28, 51, 86, 97, 99, 103, 121, 191, 194, 212, 223, 224, 226, 227, 242, 259, 272, 278, 313, 384, 390, 433, 445, 451, 455, 467, 468, 470, 487, 496, 556, 557, 665, 667, 680, 681, 703, 706, 743, 744, 752, 788, 818, 820, 821, 825, 827, 849, 861, 898, 928, 930, 936, 951, 962, 964, 987, 1044, 1048, 1066, 1067, 1108, 1119, 1120, 1132, 1137, 1174, 1179, 1186, 1210, 1223, 1231, 1235, 1259, 1271, 1272, 1289, 1298, 1310, 1329, 1330, 1383]
impact-$-[10, 183]
tube-$-[10, 74, 139, 140, 170, 175, 223, 238, 239, 340, 534, 550, 829, 893, 905, 906, 1033, 1082, 1139, 1156, 1227, 1264, 1314, 1315]
low-$-[10, 139, 171, 222, 238, 239, 631, 638, 666, 667, 668, 670, 671, 679, 792, 867, 895, 904, 916, 918, 919, 1080, 1082, 1084, 1098, 1191, 1320, 1323, 1394, 1395]
pressur-$-[10, 19, 38, 44, 54, 55, 57, 58, 62, 76, 89, 114, 121, 122, 124, 126, 173, 174, 176, 179, 183, 186, 188, 189, 194, 196, 197, 215, 232, 242, 247, 248, 250, 277, 282, 296, 312, 352, 354, 370, 388, 409, 421, 431, 435, 443, 454, 491, 492, 508, 513, 514, 519, 528, 545, 566, 574, 605, 612, 635, 636, 652, 655, 671, 675, 694, 696, 723, 761, 763, 765, 808, 809, 815, 831, 839, 846, 852, 857, 891, 907, 924, 926, 934, 938, 954, 955, 961, 971, 979, 991, 1033, 1045, 1046, 1047, 1051, 1064, 1068, 1071, 1090, 1092, 1103, 1114, 1124, 1125, 1129, 1131, 1132, 1133, 1136, 1171, 1175, 1201, 1216, 1225, 1234, 1258, 1261, 1303, 1307, 1311, 1366, 1378, 1381, 1382, 1386]
similar-$-[11, 13, 56, 57, 62, 104, 147, 252, 292, 300, 327, 349, 359, 435, 486, 495, 540, 565, 1149]
compress-$-[11, 16, 17, 49, 50, 54, 55, 62, 73, 81, 94, 118, 125, 131, 135, 145, 152, 206, 255, 271, 297, 306, 309, 326, 348, 350, 352, 364, 376, 379, 383, 389, 414, 445, 460, 474, 502, 504, 539, 560, 562, 565, 611, 642, 714, 739, 740, 741, 742, 760, 770, 771, 775, 822, 838, 848, 888, 917, 928, 932, 934, 941, 943, 961, 966, 967, 984, 998, 1050, 1051, 1069, 1109, 1121, 1122, 1171, 1237, 1240, 1282, 1293, 1301, 1357, 1358, 1359, 1366, 1372, 1375, 1386]
free-$-[11, 104, 128, 177, 183, 218, 243, 267, 270, 325, 358, 422, 505, 576, 647, 728, 812, 860, 940, 943, 946, 960, 972, 994, 997, 1153, 1371]
mix-$-[11, 17, 38, 97, 103, 107, 131, 177, 218, 241, 243, 350, 455, 474, 487, 960, 961, 1061, 1072, 1371, 1372, 1374]
problem-$-[11, 93, 142, 181, 264, 266, 304, 320, 321, 322, 363, 368, 369, 414, 425, 444, 527, 540, 561, 585, 641, 648, 650, 695, 700, 731, 746, 777, 787, 792, 810, 833, 835, 854, 855, 1138, 1198, 1209, 1217, 1224, 1240, 1246, 1311, 1379, 1380, 1392]
structur-$-[12, 30, 47, 51, 75, 92, 171, 195, 395, 497, 640, 654, 720, 723, 724, 725, 726, 756, 762, 833, 834, 837, 860, 862, 883, 884, 909, 911, 979, 1012, 1041, 1130, 1170, 1327, 1361]
aerelast-$-[12]
consider-$-[12, 172, 534, 593, 714, 1221, 1242]
high-$-[12, 52, 141, 193, 204, 215, 244, 264, 280, 285, 302, 309, 315, 316, 373, 378, 391, 413, 429, 430, 435, 441, 447, 552, 564, 571, 572, 593, 606, 615, 630, 638, 663, 687, 700, 746, 747, 767, 776, 792, 799, 865, 876, 945, 1062, 1063, 1098, 1111, 1124, 1140, 1147, 1155, 1215, 1263, 1303, 1314, 1380]
flight-$-[12, 76, 83, 101, 275, 290, 395, 505, 545, 574, 606, 700, 715, 746, 803, 804, 805, 810, 812, 968, 1095, 1377, 1379]
law-$-[13, 56, 359, 486, 563, 584, 665, 817, 1201]
stress-$-[13, 29, 30, 66, 95, 135, 195, 400, 412, 497, 580, 729, 766, 817, 819, 828, 836, 837, 851, 852, 858, 870, 885, 887, 935, 953, 954, 1041, 1175, 1397, 1400]
piston-$-[14, 390, 595]
--$-[14, 93, 198, 246, 273, 431, 604, 649, 867, 986, 1124, 1132, 1134, 1136]
new-$-[14, 37, 395, 458, 579, 580, 598, 649, 743, 893, 928]
tool-$-[14]
aeroelastician-$-[14]
panel-$-[15, 31, 285, 391, 434, 627, 658, 709, 711, 727, 728, 729, 766, 856, 857, 858, 859, 864, 894, 914, 948, 1127, 1387, 1392]
flutter-$-[15, 52, 202, 285, 362, 363, 380, 391, 442, 444, 530, 593, 627, 634, 643, 658, 686, 747, 748, 749, 753, 766, 856, 857, 858, 859, 864, 874, 876, 878, 879, 880, 894, 914, 948, 1111, 1290, 1337, 1338, 1339, 1341]
transform-$-[16, 157, 246, 271, 376, 377, 502, 538, 1330]
turbul-$-[16, 76, 80, 96, 99, 113, 115, 125, 140, 151, 154, 218, 243, 255, 256, 258, 271, 291, 294, 339, 343, 346, 348, 358, 377, 397, 398, 413, 418, 491, 522, 526, 538, 558, 563, 646, 861, 940, 960, 976, 1061, 1106, 1107, 1196, 1212, 1216, 1225, 1237, 1241, 1244, 1261, 1263, 1281, 1331, 1372, 1374]
remark-$-[17, 850, 1370]
eddi-$-[17]
field-$-[18, 61, 89, 112, 114, 208, 267, 269, 270, 298, 342, 407, 408, 420, 433, 456, 680, 721, 723, 809, 912, 993, 1107, 1221, 1236, 1253, 1282, 1356, 1377, 1391]
diffus-$-[18, 103, 340, 342, 646, 976]
radial-$-[18, 558]
compressor-$-[18, 138, 214, 216, 237, 426, 543, 588, 589, 590, 591, 592, 772, 990]
distribut-$-[19, 29, 38, 49, 57, 80, 90, 91, 95, 154, 194, 196, 197, 203, 219, 247, 248, 249, 250, 278, 312, 314, 351, 370, 443, 475, 512, 514, 545, 549, 561, 574, 612, 632, 635, 636, 637, 652, 655, 675, 677, 694, 705, 762, 796, 836, 887, 907, 927, 952, 971, 990, 1032, 1064, 1090, 1092, 1178, 1212, 1216, 1234, 1258, 1261, 1332, 1334, 1378, 1382]
conic-$-[19, 122, 282, 508, 513, 514, 633, 680, 683, 688, 898, 930, 931, 934, 935, 936, 937, 938, 942, 957, 1058, 1059, 1070, 1131, 1187]
bodi-$-[19, 25, 27, 35, 36, 56, 57, 85, 93, 101, 106, 122, 124, 146, 154, 160, 161, 174, 181, 192, 196, 197, 211, 228, 229, 231, 232, 233, 234, 248, 259, 273, 279, 283, 294, 297, 318, 326, 332, 336, 360, 369, 372, 373, 384, 410, 421, 435, 447, 456, 469, 494, 498, 501, 522, 523, 528, 531, 536, 541, 553, 556, 557, 559, 599, 609, 655, 666, 688, 719, 802, 808, 815, 816, 849, 922, 927, 946, 966, 967, 976, 992, 994, 1002, 1065, 1075, 1105, 1112, 1124, 1140, 1147, 1193, 1197, 1214, 1239, 1255, 1259, 1274, 1281, 1301, 1309, 1319, 1350, 1351, 1352, 1377, 1381, 1393]
hyperson-$-[19, 25, 26, 28, 35, 37, 56, 57, 63, 68, 85, 101, 122, 160, 192, 211, 272, 294, 295, 304, 305, 307, 308, 310, 318, 327, 328, 329, 332, 333, 334, 347, 355, 359, 360, 371, 401, 421, 495, 497, 508, 523, 525, 535, 536, 537, 540, 541, 544, 556, 557, 568, 570, 572, 573, 574, 575, 577, 602, 603, 604, 626, 655, 656, 665, 666, 667, 670, 688, 689, 707, 708, 925, 976, 1002, 1076, 1157, 1158, 1159, 1179, 1183, 1198, 1200, 1204, 1205, 1213, 1229, 1230, 1231, 1234, 1238, 1253, 1272, 1274, 1279, 1281, 1285, 1299, 1305, 1309, 1310, 1318, 1319, 1354, 1356, 1378, 1379, 1390, 1391, 1394, 1395]
generalised-newtonian-$-[20]
transfer-$-[21, 22, 23, 24, 37, 45, 54, 55, 62, 81, 84, 98, 101, 120, 123, 162, 240, 260, 269, 270, 283, 294, 295, 303, 305, 325, 338, 339, 344, 352, 378, 383, 387, 396, 398, 435, 436, 437, 438, 480, 481, 493, 509, 522, 524, 525, 539, 550, 554, 555, 559, 560, 564, 566, 571, 584, 585, 623, 635, 646, 651, 655, 662, 666, 668, 670, 689, 754, 784, 789, 861, 872, 873, 959, 962, 983, 1106, 1107, 1147, 1159, 1161, 1185, 1191, 1192, 1204, 1213, 1226, 1258, 1263, 1264, 1281, 1300, 1348, 1366, 1386, 1393, 1394, 1395]
slip-$-[21, 306, 326, 528, 534, 1215]
slip-flow-$-[22, 550]
skin-frict-$-[23, 165, 1212]
characterist-$-[23, 54, 204, 287, 329, 503, 516, 543, 547, 560, 566, 567, 590, 634, 638, 685, 689, 708, 709, 711, 712, 713, 727, 766, 774, 780, 791, 815, 816, 927, 933, 947, 999, 1001, 1089, 1162, 1163, 1164, 1225, 1262, 1290, 1338, 1339, 1363]
cylind-$-[23, 105, 116, 149, 261, 381, 382, 483, 533, 539, 564, 565, 566, 567, 642, 659, 689, 690, 742, 751, 754, 759, 776, 784, 785, 786, 787, 788, 789, 800, 822, 823, 838, 839, 842, 845, 854, 855, 888, 912, 928, 956, 1045, 1046, 1047, 1050, 1051, 1069, 1078, 1081, 1084, 1116, 1121, 1122, 1133, 1145, 1146, 1159, 1176, 1178, 1256, 1258, 1283, 1293, 1351, 1359, 1382, 1384]
axial-$-[23, 54, 94, 105, 118, 127, 138, 196, 216, 266, 326, 341, 353, 382, 426, 589, 590, 592, 642, 739, 740, 741, 742, 750, 760, 762, 784, 812, 822, 885, 887, 888, 928, 932, 934, 938, 967, 1051, 1069, 1122, 1126, 1131, 1171, 1293, 1372]
stagnat-$-[24, 35, 82, 84, 303, 323, 324, 328, 353, 365, 366, 394, 437, 438, 483, 524, 537, 559, 576, 630, 667, 668, 707, 1096, 1099, 1161, 1204, 1236, 1253, 1318, 1393, 1394, 1395]
point-$-[24, 35, 82, 84, 147, 232, 259, 303, 323, 324, 328, 353, 365, 366, 394, 437, 438, 483, 489, 524, 537, 559, 596, 668, 1099, 1161, 1236, 1253, 1259, 1309, 1393, 1394, 1395]
dissoci-$-[24, 110, 167, 283, 317, 355, 541, 574, 576, 578, 656, 1161, 1263, 1295]
air-$-[24, 129, 193, 238, 283, 302, 340, 355, 380, 413, 524, 533, 548, 552, 613, 614, 615, 616, 617, 621, 635, 691, 949, 958, 970, 991, 992, 1096, 1150, 1159, 1161, 1230, 1258, 1290, 1296, 1303, 1355, 1385]
inviscid-$-[25, 26, 134, 193, 318, 401, 556, 557, 574, 576, 625, 1310]
blunt-nos-$-[25, 101, 294, 354, 423, 456, 597, 979, 1281]
slender-$-[25, 27, 60, 63, 123, 146, 147, 160, 192, 229, 230, 259, 273, 289, 326, 332, 432, 456, 465, 469, 494, 528, 541, 545, 556, 557, 599, 600, 601, 752, 791, 801, 901, 902, 922, 941, 1112, 1186, 1197, 1201, 1210, 1213, 1259, 1305, 1310]
leading-edg-$-[26, 334, 712, 797, 1228]
newtonian-$-[27, 28, 688, 1186, 1238, 1304]
note-$-[28, 134, 223, 295, 296, 359, 371, 382, 470, 506, 521, 527, 720, 751, 789, 798, 1017, 1018, 1019, 1020, 1021, 1022, 1023, 1024, 1025, 1026, 1027, 1028, 1029, 1030, 1031, 1034, 1035, 1085, 1086]
explos-$-[28, 262]
sedov-$-[28]
applic-$-[28, 56, 57, 204, 206, 234, 248, 292, 296, 307, 373, 384, 395, 433, 435, 445, 495, 521, 580, 641, 930, 967, 1217, 1240, 1329, 1374, 1376]
unsteadi-$-[28, 64, 259, 586, 698, 700, 779, 815, 892, 899, 902, 903, 917, 919, 1109, 1112, 1197, 1259, 1289]
model-$-[29, 51, 95, 102, 168, 184, 252, 311, 315, 358, 431, 516, 635, 643, 686, 747, 755, 800, 874, 875, 878, 879, 880, 973, 1064, 1090, 1091, 1144, 1162, 1163, 1164, 1340]
temperatur-$-[29, 43, 49, 66, 90, 91, 95, 154, 158, 302, 325, 480, 509, 549, 552, 564, 571, 572, 762, 767, 836, 865, 869, 872, 887, 888, 912, 978, 980, 982, 1096, 1103, 1149, 1178, 1314, 1316, 1318, 1367]
thermal-$-[29, 30, 31, 66, 95, 195, 351, 396, 405, 497, 580, 586, 628, 646, 707, 766, 767, 835, 837, 858, 865, 868, 870, 886, 887, 890, 1056, 1146]
due-$-[29, 60, 75, 432, 480, 723, 887, 1280, 1289]
photo-thermoelast-$-[30, 195, 462, 463]
multiweb-$-[30]
buckl-$-[31, 400, 642, 739, 740, 741, 743, 744, 760, 761, 763, 766, 769, 820, 822, 823, 827, 831, 857, 858, 862, 863, 885, 886, 887, 888, 890, 891, 894, 897, 898, 915, 926, 928, 932, 935, 936, 937, 950, 951, 957, 1012, 1013, 1014, 1015, 1016, 1017, 1018, 1019, 1020, 1021, 1022, 1023, 1024, 1025, 1026, 1027, 1028, 1029, 1030, 1031, 1034, 1035, 1050, 1052, 1055, 1060, 1070, 1120, 1121, 1122, 1126, 1127, 1145, 1146, 1173, 1174, 1178, 1357, 1358, 1387, 1396, 1399, 1400]
dynam-$-[32, 67, 110, 286, 290, 516, 790, 939, 1000, 1001, 1003, 1004, 1005, 1006, 1007, 1008, 1009, 1010, 1011, 1270, 1290]
motion-$-[32, 112, 117, 153, 300, 309, 408, 447, 558, 618, 639, 715, 716, 717, 813, 873, 902, 1333, 1369]
missil-$-[32, 286, 290, 356, 357, 368, 520, 532, 715, 813, 834, 1124]
descend-$-[32, 67, 162]
atmospher-$-[32, 67, 85, 163, 164, 296, 436, 499, 555, 613, 619, 620, 622, 639, 715, 716, 717, 719, 944, 982, 983, 1077, 1103, 1147, 1255, 1291, 1344, 1345, 1347, 1348]
prospect-$-[33]
magneto-aerodynam-$-[33, 297]
constant-temperatur-$-[34]
magneto-gasdynam-$-[34]
channel-$-[34, 270, 939, 941, 966, 1221, 1222]
blunt-$-[35, 36, 58, 85, 93, 161, 211, 273, 283, 318, 332, 369, 372, 410, 421, 501, 523, 536, 553, 556, 557, 559, 572, 578, 626, 634, 655, 666, 713, 717, 759, 815, 816, 946, 947, 976, 994, 999, 1000, 1001, 1065, 1104, 1105, 1107, 1204, 1213, 1229, 1234, 1274, 1284, 1300, 1307, 1319, 1377]
around-$-[36, 122, 211, 283, 483, 533, 553, 819, 916, 1081, 1105, 1144, 1258, 1262, 1384]
techniqu-$-[37, 141, 227, 280, 344, 374, 441, 510, 594, 595, 598, 602, 767, 777, 780, 790, 878, 1289]
surfac-$-[37, 39, 48, 49, 79, 80, 133, 224, 229, 280, 305, 330, 331, 345, 352, 378, 379, 509, 512, 525, 584, 651, 661, 675, 677, 685, 692, 693, 695, 697, 748, 782, 971, 988, 1077, 1166, 1167, 1168, 1190, 1202, 1235, 1241, 1246, 1254, 1287, 1289, 1304, 1322, 1324, 1328, 1342, 1367, 1381]
phenomena-$-[37, 171, 589]
condit-$-[37, 277, 295, 320, 321, 322, 476, 545, 550, 837, 865, 981, 1166, 1381]
predict-$-[38, 69, 227, 232, 311, 433, 441, 461, 482, 492, 503, 618, 1311]
subsonic/superson-$-[38]
sonic-$-[39, 409, 523, 683, 694, 804, 808, 811, 895, 971, 972, 993, 1142]
stream-$-[39, 97, 107, 128, 173, 187, 241, 325, 409, 453, 475, 477, 484, 576, 664, 757, 915, 946, 972, 973, 993, 994, 1061, 1153, 1159, 1225, 1258]
airfoil-$-[39, 70, 194, 201, 204, 205, 312, 404, 440, 443, 445, 452, 453, 467, 470, 484, 503, 521, 634, 687, 701, 702, 703, 933, 1115, 1194, 1207, 1210, 1233, 1267, 1320, 1329]
experi-$-[40, 41, 175, 179, 188, 261, 315, 343, 600, 695, 773, 781, 794, 898, 1132, 1151, 1169, 1195, 1231, 1285, 1287, 1306, 1325, 1384]
moder-$-[41]
gyroscop-$-[42]
rigid-$-[42, 311, 779, 877, 1208, 1276]
rotat-$-[42, 57, 81, 98, 392, 412, 1275]
propel-$-[42, 78, 210, 1064, 1094, 1095, 1164, 1271]
engin-$-[42, 378, 695, 721, 1126, 1164]
vibrat-$-[42, 100, 723, 728, 764, 844, 845, 846, 847, 848, 849, 908, 911, 913, 953, 1036, 1037, 1038, 1039, 1040, 1042, 1043, 1066, 1252, 1392]
mode-$-[42, 1066]
relat-$-[43, 378, 490, 561, 580, 637, 695, 705, 706, 732, 778, 1247]
wall-$-[43, 59, 74, 76, 119, 135, 325, 351, 387, 480, 546, 800, 839, 844, 855, 980, 1136, 1142, 1154, 1155, 1215, 1233, 1367, 1381]
tip-blunt-$-[44, 371]
cone-$-[44, 48, 58, 63, 123, 125, 225, 354, 359, 411, 423, 505, 546, 555, 626, 657, 717, 759, 814, 932, 947, 979, 999, 1000, 1001, 1110, 1192, 1206, 1213, 1231, 1262, 1284, 1285, 1303, 1306, 1307, 1308, 1309]
m=6.85-$-[44]
separ-$-[45, 53, 55, 89, 187, 222, 240, 311, 316, 358, 416, 439, 455, 457, 461, 489, 534, 562, 601, 651, 773, 901, 959, 996, 1106, 1187, 1216, 1228, 1278, 1367, 1383, 1385]
part-$-[45, 89, 602, 603, 604, 613, 615, 654, 658, 833, 840, 919, 1082]
ii-$-[45, 309, 603, 1316]
:-$-[45, 89, 111, 132, 1231]
caviti-$-[45]
comment-$-[46, 320, 555, 756, 890]
invers-$-[46, 756]
certain-$-[46, 489, 648]
larg-$-[46, 69, 228, 253, 354, 365, 435, 448, 509, 756, 930, 1056, 1091, 1094, 1331, 1361, 1363]
matric-$-[46, 756, 833]
analysi-$-[47, 56, 77, 92, 163, 179, 188, 220, 240, 274, 340, 367, 395, 426, 530, 551, 579, 580, 581, 587, 619, 627, 648, 707, 737, 781, 833, 840, 843, 851, 852, 889, 954, 974, 984, 1012, 1013, 1014, 1015, 1016, 1041, 1068, 1090, 1135, 1180, 1208, 1276, 1288, 1294, 1339, 1347, 1360, 1362, 1374, 1386]
low-aspect-ratio-$-[47]
aircraft-$-[47, 51, 78, 100, 202, 209, 253, 497, 725, 792, 810, 883, 909, 911, 914, 1012, 1089, 1144, 1163, 1165, 1166, 1167, 1168, 1169, 1197, 1328]
circular-$-[48, 105, 149, 162, 382, 510, 534, 539, 566, 567, 627, 642, 734, 742, 764, 769, 784, 789, 801, 819, 839, 841, 842, 847, 852, 854, 855, 898, 926, 932, 934, 952, 1051, 1054, 1055, 1056, 1060, 1078, 1081, 1084, 1123, 1129, 1148, 1159, 1171, 1172, 1176, 1258, 1285, 1306, 1309, 1359]
angl-$-[48, 56, 57, 58, 69, 174, 248, 277, 354, 434, 469, 492, 567, 688, 709, 711, 713, 717, 907, 944, 947, 993, 999, 1001, 1077, 1115, 1229, 1307, 1347]
attack-$-[48, 56, 57, 58, 69, 248, 354, 469, 492, 567, 688, 709, 711, 713, 717, 993, 999, 1077, 1115, 1307]
veloc-$-[49, 116, 154, 188, 189, 203, 249, 276, 325, 378, 426, 475, 549, 882, 944, 990, 1139, 1260, 1261, 1348]
profil-$-[49, 116, 146, 206, 617, 978, 985]
arbitrari-$-[49, 122, 194, 266, 369, 717, 738, 754, 783, 787, 788, 851, 980, 984, 1226, 1366]
use-$-[50, 92, 185, 244, 280, 390, 482, 487, 540, 643, 683, 720, 751, 768, 781, 796, 869, 874, 904, 945, 969, 1201, 1308, 1318, 1323, 1325, 1335, 1336, 1345]
crocco-$-[50]
method-$-[50, 54, 111, 122, 159, 164, 206, 232, 234, 311, 314, 315, 364, 367, 373, 395, 416, 451, 461, 466, 470, 473, 532, 551, 579, 633, 676, 677, 745, 755, 758, 781, 783, 833, 843, 869, 889, 917, 923, 924, 945, 980, 984, 985, 986, 990, 1073, 1076, 1077, 1088, 1133, 1185, 1192, 1224, 1248, 1261, 1262, 1294, 1316, 1318, 1340, 1362, 1386]
extern-$-[51, 394, 409, 831, 934, 938, 1033, 1125, 1131, 1132, 1133, 1145, 1328, 1361]
load-$-[51, 75, 205, 215, 224, 287, 424, 428, 551, 641, 642, 644, 647, 676, 696, 715, 726, 729, 734, 735, 740, 744, 762, 768, 782, 783, 817, 819, 836, 863, 896, 925, 938, 950, 951, 970, 1056, 1117, 1126, 1135, 1145, 1170, 1173, 1175, 1342, 1343, 1361]
procedur-$-[52, 691, 704]
calcul-$-[52, 54, 122, 135, 200, 203, 206, 231, 247, 248, 249, 266, 279, 292, 336, 435, 443, 458, 489, 498, 545, 600, 601, 632, 676, 677, 691, 701, 779, 782, 783, 789, 869, 896, 917, 924, 938, 1185, 1192, 1234, 1261, 1262, 1289, 1290, 1331, 1332, 1334, 1339, 1342, 1365, 1384, 1386, 1390]
includ-$-[52, 57, 197, 201, 284, 442, 600, 815, 823, 839, 857, 873, 1051, 1061, 1077, 1106, 1213, 1265]
camber-$-[52, 682, 683, 755, 780, 791, 1362]
deflect-$-[52, 277, 638, 830, 930, 1048, 1056, 1095, 1361, 1363]
comparison-$-[52, 179, 188, 556, 557, 688, 781, 818, 950, 986, 1066, 1132, 1331, 1384]
result-$-[52, 195, 409, 489, 619, 691, 753, 755, 782, 897, 986, 1077, 1090, 1150]
reynold-$-[53, 120, 149, 197, 238, 244, 361, 413, 564, 666, 667, 668, 670, 776, 979, 1078, 1080, 1081, 1082, 1191, 1214, 1256, 1367]
gradient-$-[54, 55, 62, 352, 388, 435, 528, 836, 1225, 1366, 1386]
zero-$-[54, 56, 57, 147, 234, 247, 248, 250, 465, 469, 528, 738, 907, 920]
stabil-$-[55, 67, 73, 251, 290, 417, 504, 516, 532, 599, 600, 713, 759, 782, 790, 814, 824, 829, 839, 843, 889, 917, 929, 931, 934, 938, 948, 956, 1000, 1001, 1051, 1067, 1071, 1117, 1118, 1119, 1130, 1162, 1163, 1171, 1172, 1242, 1287, 1292, 1321, 1322, 1349, 1350, 1392, 1398]
properti-$-[55, 59, 82, 108, 183, 302, 325, 364, 405, 461, 463, 586, 596, 691, 949, 966, 1305, 1312, 1340]
revolut-$-[56, 57, 106, 124, 154, 174, 192, 197, 231, 232, 233, 234, 248, 259, 279, 326, 336, 360, 384, 410, 421, 494, 498, 528, 553, 802, 849, 922, 927, 988, 992, 1112, 1135, 1259, 1301, 1352, 1393]
rule-$-[57]
sharp-$-[58, 420, 465, 514, 900, 979, 1234, 1307]
5-$-[58, 314, 372, 423, 431, 675, 999, 1106, 1188, 1344]
15-$-[58, 546, 564, 634, 812, 947, 1307]
half-angl-$-[58, 1307]
3.86-$-[58]
100-$-[58]
tabl-$-[59, 405, 684, 688, 998, 1308]
exact-$-[59, 266, 556, 557, 1193]
laminar-boundari-$-[59]
porous-$-[59, 87, 387, 1254, 1283]
variabl-$-[59, 303, 586, 685, 737, 929, 966]
estim-$-[60, 204, 884, 923, 1315]
forc-$-[60, 203, 270, 380, 434, 599, 704, 776, 927, 952, 966, 967, 1032, 1090, 1092, 1112, 1115, 1150, 1197, 1208, 1276, 1289, 1294, 1328, 1333, 1362, 1398]
moment-$-[60, 432, 434, 597, 599, 702, 762, 816, 1178]
roll-$-[60, 286, 287, 288, 290, 432, 532, 782, 813]
sever-$-[60, 268, 312, 384, 442, 454, 699, 720, 808, 809, 815, 954, 1096, 1144, 1167, 1169, 1289]
tail-$-[60, 229, 230, 782]
configur-$-[60, 136, 545, 605, 685, 711, 713, 1093, 1170, 1218, 1243, 1292, 1349]
electr-$-[61, 104, 267, 269, 298, 407, 425]
presenc-$-[61, 176, 180, 267, 269, 298, 519, 1220, 1236, 1253, 1372, 1381]
transvers-$-[61, 94, 106, 112, 208, 269, 270, 412, 836, 1036, 1037, 1038, 1039, 1040, 1042, 1043, 1159, 1195, 1221, 1358, 1396, 1397, 1399, 1400]
magnet-$-[61, 112, 208, 267, 269, 270, 296, 298, 407, 408, 1221, 1236, 1238, 1253, 1282]
viscous-$-[63, 117, 128, 139, 153, 192, 208, 298, 300, 305, 308, 309, 310, 323, 324, 361, 389, 394, 494, 496, 525, 530, 536, 537, 540, 573, 576, 625, 663, 941, 967, 1076, 1078, 1080, 1082, 1184, 1200, 1250, 1251, 1253, 1299, 1368]
obliqu-$-[64, 196, 1077]
interact-$-[64, 97, 134, 170, 256, 265, 291, 304, 305, 323, 333, 335, 345, 409, 449, 511, 540, 569, 798, 972, 973, 1326, 1364]
shock-$-[64, 65, 69, 71, 72, 74, 170, 171, 178, 190, 256, 263, 265, 334, 335, 345, 358, 402, 403, 411, 482, 483, 501, 517, 568, 569, 609, 665, 667, 798, 803, 805, 806, 807, 810, 868, 903, 946, 1077, 1143, 1156, 1157, 1158, 1203, 1208, 1252, 1264, 1276, 1298, 1299, 1313, 1314, 1315, 1356, 1364, 1389, 1390, 1391, 1395]
wave-$-[64, 65, 72, 132, 156, 170, 171, 178, 190, 233, 235, 256, 262, 263, 265, 296, 330, 334, 335, 345, 403, 411, 472, 482, 495, 504, 568, 569, 609, 654, 665, 798, 805, 806, 807, 810, 903, 1077, 1156, 1203, 1208, 1252, 1266, 1276, 1298, 1327, 1364, 1389, 1390, 1391]
plane-$-[64, 230, 266, 351, 383, 510, 609, 757, 791]
disturb-$-[64, 253, 319, 470, 660]
convect-$-[65, 104, 114, 120, 267, 270, 407, 408, 661, 963]
pattern-$-[65, 217, 514, 612, 793, 803, 862]
vortic-$-[65, 128, 323, 324, 394, 1220]
joint-$-[66, 883]
skin-stiffen-$-[66]
combin-$-[66, 172, 229, 230, 270, 279, 370, 412, 432, 433, 434, 688, 803, 809, 888, 923, 924, 1117]
vehicl-$-[67, 69, 77, 499, 639, 708, 716, 944, 958, 983, 1066, 1141, 1344]
travers-$-[67, 446]
ascend-$-[67]
path-$-[67, 715, 803, 817]
aspect-$-[68, 247, 513, 676, 698, 749, 780, 808, 895, 916, 918, 919, 920, 1245, 1320, 1329]
air-helium-$-[68]
simul-$-[68, 535, 692, 693, 695, 1153, 1205, 1349]
envelop-$-[69]
two-$-[69, 107, 199, 242, 245, 264, 350, 404, 417, 422, 433, 631, 641, 647, 652, 660, 671, 700, 702, 708, 750, 775, 812, 894, 903, 961, 1083, 1114, 1115, 1170, 1233, 1235, 1354]
type-$-[69, 384, 385, 386, 515, 826, 987, 1073, 1088, 1127, 1166, 1167, 1349, 1363]
chang-$-[70, 510, 622, 862]
associ-$-[70, 712]
section-$-[70, 147, 194, 204, 205, 250, 279, 415, 430, 443, 599, 604, 612, 722, 754, 757, 776, 801, 922, 934, 1057, 1154]
drag-$-[70, 124, 227, 233, 235, 246, 279, 431, 448, 548, 566, 613, 614, 615, 674, 683, 816, 991, 1000, 1076, 1124, 1201, 1204, 1212, 1214, 1218, 1219, 1247, 1256, 1266, 1280, 1323, 1325, 1343, 1373]
rise-$-[70, 1381]
supercrit-$-[70, 277, 1256]
behind-$-[71, 72, 154, 288, 433, 558, 1141, 1196, 1252, 1312, 1343]
advanc-$-[71, 1052, 1160, 1295]
stationari-$-[71, 72, 407]
thin-$-[72, 297, 381, 447, 467, 739, 741, 743, 744, 769, 822, 827, 839, 843, 844, 845, 846, 848, 855, 877, 885, 889, 912, 928, 930, 935, 936, 938, 1036, 1037, 1038, 1039, 1040, 1042, 1043, 1044, 1052, 1071, 1119, 1125, 1131, 1135, 1136, 1137, 1194, 1249]
expans-$-[72, 149, 373, 1230, 1296]
move-$-[72, 448, 504, 531, 663, 786, 978, 1203, 1255, 1303]
turbulen-$-[74, 257, 651]
coundari-$-[74]
failur-$-[75, 723]
acoust-$-[75, 113, 720, 724, 727]
fluctuat-$-[76, 119, 1114, 1256, 1260]
boundary-lay-$-[76, 291, 333, 416, 457, 671, 710, 1257, 1282]
compar-$-[77, 296, 905]
perform-$-[77, 213, 215, 543, 590, 603, 624, 796, 798, 1207, 1286, 1315]
long-$-[77, 261, 381, 412, 421, 836, 901, 952, 953, 1396, 1397, 1400]
rang-$-[77, 197, 505, 795, 807, 812, 819, 1113, 1214]
hyperveloc-$-[77, 437, 558, 576, 598, 1143]
analyt-$-[78, 160, 164, 341, 421, 639, 836, 965, 1100, 1248]
treatment-$-[78, 479, 586, 1087]
precess-$-[78]
instabl-$-[78, 265, 286, 330, 331, 825, 955, 1068, 1116, 1125, 1129, 1131, 1132, 1133, 1360, 1363]
extrem-$-[79]
cool-$-[79, 80, 293, 338, 339, 343, 344, 480, 481, 565, 628, 661, 773, 1097, 1205, 1215, 1240, 1263]
later-$-[80, 600, 852, 973, 1171]
spread-$-[80]
isotherm-$-[81, 662]
disk-$-[81, 1057, 1058]
theoret-$-[82, 195, 221, 233, 240, 287, 289, 370, 432, 497, 503, 544, 560, 593, 662, 919, 950, 997, 1062, 1074, 1075, 1099, 1199, 1367, 1374, 1377, 1384]
ablat-$-[82, 553, 587, 1065, 1096, 1097, 1098, 1099, 1100, 1101, 1226, 1241]
glass-typ-$-[82]
protect-$-[82]
shield-$-[82, 274]
vari-$-[82, 421, 780, 885, 1173, 1341]
materi-$-[82, 553, 1096, 1098]
re-ent-$-[82, 983]
irbm-$-[82]
discuss-$-[83, 893]
solar-$-[83]
proton-$-[83]
event-$-[83]
man-$-[83, 716]
space-$-[83, 1359]
downstream-$-[84, 123, 636, 651, 692, 693]
influenc-$-[84, 123, 334, 453, 484, 548, 583, 596, 613, 614, 615, 809, 877, 1154, 1155, 1332, 1334]
mass-$-[84, 123, 305, 338, 344, 480, 481, 525, 623, 1185]
trail-$-[85, 288, 673, 1183]
axisymmetr-$-[85, 323, 365, 366, 369, 381, 494, 789, 912, 957, 997, 1056, 1082, 1145, 1204, 1222, 1371, 1375]
fli-$-[85, 253]
inviscid-incompress-$-[86]
static-$-[86, 175, 239, 709, 713, 947, 999, 1000, 1001, 1003, 1004, 1005, 1006, 1007, 1008, 1009, 1010, 1011, 1064, 1091, 1223, 1292]
peripher-$-[86]
jet-$-[86, 103, 129, 131, 173, 174, 176, 177, 218, 219, 243, 245, 282, 341, 350, 409, 519, 640, 692, 693, 694, 695, 696, 697, 721, 722, 725, 860, 909, 911, 946, 961, 970, 971, 972, 973, 991, 992, 993, 997, 1061, 1093, 1096, 1195, 1223, 1232, 1244, 1265, 1292, 1349, 1350, 1351, 1352, 1375]
proxim-$-[86, 1094, 1164, 1223]
ground-$-[86, 245, 253, 624, 631, 643, 652, 747, 805, 806, 807, 1091, 1094, 1144, 1164, 1165, 1167, 1223]
free-convect-$-[87, 88, 268, 269, 500, 912]
magnetohydrodynam-$-[87, 88, 190, 268, 270, 299, 402, 403, 450, 490, 500, 607, 653, 1181, 1194, 1203, 1206, 1222, 1273]
pipe-$-[88, 112, 967]
period-$-[90, 91, 917, 1152]
two-lay-$-[90, 91]
composit-$-[90, 91, 144, 399, 485]
redund-$-[92]
high-spe-$-[92, 203, 1246, 1250]
digit-$-[92, 945, 1063, 1246, 1388]
comput-$-[92, 111, 249, 945, 980, 1063, 1246, 1388]
review-$-[93, 96, 254, 260, 273, 658, 906]
extens-$-[93, 273, 633, 732, 921, 996, 1123, 1133, 1248, 1262]
curvatur-$-[94, 133, 929, 1367]
symmetr-$-[94, 118, 127, 161, 196, 266, 286, 341, 353, 452, 514, 613, 750, 757, 813, 935, 1135, 1372]
publish-$-[96, 254]
data-$-[96, 204, 205, 411, 441, 688, 866, 883, 1091]
dissip-$-[97]
near-$-[97, 162, 234, 328, 394, 457, 631, 652, 721, 774, 796, 973, 1144, 1190, 1253, 1393]
isentrop-$-[97]
fundament-$-[99, 660, 872]
statist-$-[99, 558]
isol-$-[100, 1324]
power-$-[100, 325, 584, 665]
plant-$-[100]
advantag-$-[102]
limit-$-[102, 758, 834, 966, 1135, 1291, 1344]
chemic-$-[103, 166, 410, 488, 552, 1061, 1241, 1252, 1296]
reaction-$-[103, 276, 1061, 1296]
oppos-$-[103]
flame-$-[103]
asymptot-$-[105, 264, 1138]
potenti-$-[106, 498, 669, 1098]
parallel-$-[107, 208, 257, 341, 407, 408, 417, 475, 477, 660, 786, 1233]
confluent-$-[108]
hypergeometr-$-[108]
function-$-[108, 249, 325, 445, 478, 699, 702, 704, 705, 738, 745, 779, 781, 1332]
product-$-[109, 635, 691, 1314, 1328]
uniform-$-[109, 341, 393, 394, 442, 454, 641, 642, 644, 647, 664, 734, 735, 777, 910, 938, 1033, 1057, 1071, 1202, 1212]
wind-$-[109, 171, 280, 311, 430, 431, 516, 575, 594, 598, 602, 603, 604, 608, 631, 714, 755, 795, 808, 809, 876, 904, 1001, 1066, 1153, 1155, 1305, 1336]
tunnel-$-[109, 171, 212, 252, 280, 311, 429, 430, 431, 466, 511, 516, 575, 594, 595, 598, 602, 603, 604, 608, 631, 672, 689, 714, 755, 795, 808, 809, 876, 904, 1001, 1066, 1142, 1143, 1153, 1155, 1157, 1158, 1290, 1305, 1313, 1318, 1336, 1354, 1395]
gas-$-[110, 125, 166, 167, 168, 169, 185, 208, 236, 317, 319, 329, 337, 340, 375, 427, 480, 481, 488, 518, 625, 665, 942, 975, 1077, 1105, 1139, 1143, 1180, 1190, 1204, 1268, 1274, 1312, 1319]
mean-$-[111, 120, 137, 140, 718, 808, 809, 1115, 1246]
automat-$-[111, 451, 745, 1113, 1388]
steadi-$-[112, 153, 267, 278, 309, 375, 458, 495, 660, 704, 782, 810, 896, 1078, 1082, 1114, 1181, 1221, 1369]
signal-$-[113, 220]
detect-$-[113]
airflow-$-[113, 244, 401]
respons-$-[114, 725, 1260, 1331]
decay-$-[114, 618]
randon-$-[114]
lubric-$-[115, 258]
ellipt-$-[116, 225, 684, 801, 1088, 1231, 1262, 1382, 1384]
hyperbol-$-[116]
liquid-$-[117, 361, 407, 764]
paraboloid-$-[117]
transon-$-[118, 121, 157, 197, 252, 312, 313, 315, 335, 404, 439, 440, 467, 468, 469, 496, 503, 521, 526, 709, 750, 780, 795, 796, 797, 799, 800, 801, 879, 903, 916, 919, 924, 991, 1114, 1154, 1290, 1338, 1341]
nozzl-$-[118, 127, 136, 172, 174, 213, 217, 221, 276, 301, 341, 511, 575, 656, 750, 773, 774, 942, 949, 965, 993, 1187, 1230, 1353, 1354]
consist-$-[119]
mani-$-[119, 913]
analog-$-[120, 377, 425]
base-$-[121, 126, 173, 174, 176, 179, 186, 188, 189, 242, 282, 409, 431, 467, 519, 815, 973, 979, 999, 1352]
simplifi-$-[122, 314, 336, 843, 855, 889, 1360]
shape-$-[122, 194, 239, 357, 369, 411, 415, 482, 514, 544, 674, 707, 736, 787, 812, 985, 1104, 1114, 1201, 1204, 1234, 1305, 1310, 1342]
nose-$-[123, 239, 332, 356, 357, 421, 535, 555, 556, 557, 578, 638, 662, 707, 976, 991, 992, 994, 999, 1104, 1213, 1234, 1373, 1377]
summari-$-[124, 661]
foreign-$-[125, 340, 481, 529]
inject-$-[125, 254, 308, 337, 353, 355, 365, 366, 397, 481, 529, 646, 942, 974, 1109, 1180, 1199, 1237, 1288, 1326]
behaviour-$-[128, 130, 406, 740, 741, 742, 767, 802, 837, 865, 870, 926]
nois-$-[129, 151, 209, 219, 220, 608, 640, 658, 721, 722, 725, 727, 805, 806, 807, 810, 909, 911, 1244]
produc-$-[129, 263, 683, 696, 973]
subson-$-[129, 176, 187, 200, 204, 205, 206, 218, 247, 264, 315, 409, 433, 445, 637, 638, 651, 669, 676, 701, 704, 705, 711, 747, 748, 781, 782, 783, 790, 799, 924, 987, 1155, 1246, 1290, 1332, 1334, 1339]
non-linear-$-[130, 515, 744, 833, 1054, 1055, 1294, 1362]
system-$-[130, 199, 367, 515, 813, 824, 873, 952, 968, 1032, 1077, 1102]
sound-$-[132, 137, 1102]
finit-$-[132, 228, 330, 551, 582, 637, 698, 699, 704, 705, 891, 943, 1079]
amplitud-$-[132]
survey-$-[132, 898, 1170, 1310]
mechan-$-[132, 507, 837, 1056, 1288]
heat-transf-$-[135, 354, 980, 1307]
recent-$-[136, 293, 1052, 1160, 1295]
develop-$-[136, 316, 466, 579, 688, 743, 753, 966, 1302, 1391]
rocket-$-[136, 636, 643, 696, 697, 747, 942, 968, 1061, 1102, 1326, 1349]
generat-$-[137, 151, 244, 900, 1143]
wake-$-[138, 154, 289, 446, 536, 563, 927, 976, 979, 1141, 1152, 1184, 1196, 1368]
pitot-$-[139, 140, 906, 1082]
determin-$-[140, 197, 238, 314, 511, 523, 616, 617, 701, 702, 704, 780, 815, 861, 874, 965, 990, 1064, 1076, 1133, 1166, 1219, 1338]
free-flight-$-[141, 431, 516, 1000, 1003, 1004, 1005, 1006, 1007, 1008, 1009, 1010, 1011, 1065, 1106]
research-$-[141, 184, 185, 718, 892, 1091, 1111, 1169, 1349]
interplanetari-$-[143, 968]
orbit-$-[143, 510, 548, 613, 614, 615, 618, 619, 621, 622]
discontinu-$-[146, 922]
slope-$-[146, 922]
?-$-[147, 385, 386]
cross-$-[147, 250, 279, 596, 599, 612, 754, 801, 934]
lift-$-[147, 234, 247, 250, 275, 360, 379, 453, 465, 484, 561, 632, 633, 637, 677, 682, 685, 698, 699, 700, 701, 702, 705, 779, 809, 811, 816, 923, 924, 1124, 1186, 1217, 1218, 1219, 1239, 1246, 1256, 1280, 1289, 1305, 1332, 1334, 1343, 1345]
displac-$-[148, 572, 655, 828, 851, 852, 894, 1076, 1355, 1392]
thick-$-[148, 201, 247, 428, 512, 546, 675, 737, 780, 898, 943, 979, 980, 982, 1124, 1267]
sphere-$-[149, 328, 411, 483, 533, 669, 770, 771, 1080, 1196, 1205, 1211]
integr-$-[150, 383, 637, 681, 684, 705, 778, 1185, 1192, 1386, 1388]
isotrop-$-[151]
obstacl-$-[152]
particular-$-[153, 244, 274, 300, 515, 1215]
refer-$-[153, 238, 813]
variat-$-[153, 325, 379, 396, 442, 542, 587, 621, 712, 869, 872, 882, 963, 980, 1217]
principl-$-[153, 542, 963, 1012, 1013, 1014, 1015, 1016]
shallow-$-[156, 827, 828, 830, 831, 1036, 1037, 1038, 1039, 1040, 1042, 1043, 1294]
water-$-[156]
resist-$-[156, 414, 640]
hodograph-$-[157]
chart-$-[158, 861, 949, 998, 1286]
induct-$-[158, 448]
constant-$-[158, 325, 898, 944, 961, 1049]
numer-$-[159, 235, 248, 320, 321, 322, 349, 556, 557, 701, 702, 1073, 1081, 1082, 1085, 1086, 1105, 1289, 1389, 1390]
power-law-$-[160]
famili-$-[161]
trajectori-$-[162]
satellit-$-[162, 438, 446, 448, 449, 548, 613, 614, 615, 616, 617, 618, 619, 620, 621, 622, 983, 1150]
corridor-$-[163, 275, 1347]
guidanc-$-[163, 275]
requir-$-[163, 275, 888]
supercircular-$-[163]
entri-$-[163, 164, 275, 944, 982, 1291, 1344, 1345, 1346, 1347, 1348]
planetari-$-[163, 164, 436, 499, 639, 944]
react-$-[166, 488]
mixtur-$-[166, 185, 488, 691]
one-$-[168, 588, 791, 944, 975, 1387]
inert-$-[168]
sudden-$-[169]
contact-$-[169, 1322]
hot-$-[169, 695, 866]
cold-$-[169, 1381]
solid-$-[169, 584, 586, 978, 1102, 1142, 1190, 1223]
reflect-$-[170, 1312, 1313]
densiti-$-[171, 442, 616, 617, 619, 621, 1103, 1150, 1394, 1395]
relax-$-[171, 281, 319]
gase-$-[171, 296, 405, 410, 529, 541, 583, 1156, 1314, 1374]
afterbodi-$-[172, 173, 282, 759, 815, 993]
central-$-[173, 279, 950]
cylindr-$-[173, 263, 279, 508, 669, 739, 740, 741, 743, 760, 765, 769, 841, 843, 844, 846, 847, 848, 851, 852, 885, 886, 887, 889, 890, 891, 897, 929, 934, 935, 952, 953, 955, 993, 1067, 1068, 1117, 1123, 1125, 1126, 1129, 1132, 1171, 1172, 1173, 1175]
diverg-$-[174, 284, 1142, 1320]
upon-$-[174, 715, 944, 1155]
annulus-$-[174, 387]
airstream-$-[175, 200]
axially-symmetr-$-[177]
1.40-$-[177]
full-$-[178, 673, 948]
dispers-$-[178]
carbon-$-[178]
dioxid-$-[178]
stratiform-$-[181]
probe-$-[183, 1257]
molecul-$-[183]
scale-$-[184, 218, 315, 548, 578, 616, 622, 673, 948, 1091, 1162, 1163]
thermo-aeroelast-$-[184]
possibl-$-[185]
emphasi-$-[187, 707, 1115]
blunt-trailing-edg-$-[189]
core-$-[191, 956, 1049, 1128, 1171, 1172]
lead-$-[191, 200, 211, 222, 420, 439, 440, 521, 526, 569, 572, 601, 634, 655, 683, 796, 900, 901, 1343]
edg-$-[191, 200, 211, 222, 227, 392, 412, 420, 422, 424, 439, 440, 465, 514, 521, 526, 569, 572, 601, 634, 647, 655, 673, 683, 735, 796, 894, 900, 901, 1343, 1387, 1392]
vortex-$-[191, 278, 288, 433, 900, 927, 1277]
foil-$-[193]
general-$-[194, 220, 373, 554, 555, 599, 637, 680, 703, 774, 930, 987, 1091, 1116, 1129, 1132, 1133, 1174, 1281, 1360]
correl-$-[195, 205, 220, 460, 508, 600, 753, 883, 979]
ideal-$-[195, 317, 1105]
three-$-[197, 513, 609, 660, 751, 791, 986, 987, 1184, 1368]
systemat-$-[198, 704, 1341]
group-$-[198]
naca-$-[198, 312, 443]
1-$-[198, 282, 431, 516, 602, 654, 674, 757, 805, 856, 857, 1153, 1352]
seri-$-[198, 203, 312, 458, 712, 1218]
cowl-$-[198]
without-$-[198, 349, 1386]
spinner-$-[198]
dimension-$-[199, 242, 264, 404, 417, 433, 609, 631, 652, 660, 671, 702, 750, 751, 775, 894, 903, 944, 961, 975, 987, 1184, 1235, 1354, 1368]
deriv-$-[199, 200, 203, 251, 441, 545, 594, 597, 599, 600, 621, 622, 748, 755, 782, 790, 814, 917, 1066]
wing-aileron-tab-$-[199]
crop-$-[200, 757, 796]
delta-$-[200, 222, 226, 250, 420, 464, 465, 601, 609, 612, 683, 757, 796, 901, 902, 1186]
oscil-$-[200, 201, 207, 264, 281, 445, 499, 515, 532, 544, 597, 687, 704, 705, 779, 895, 916, 918, 919, 1113, 1115, 1141, 1152]
nonlinear-$-[201, 585, 743, 827, 830, 1059]
aerofoil-$-[203, 226, 249, 264, 544, 597, 631, 799, 1323]
swept-$-[204, 287, 415, 420, 638, 676, 678, 1334, 1339, 1343]
45-$-[205, 679, 1290]
sweptback-$-[205, 632, 674, 679, 782, 793, 797, 1290, 1338]
polygon-$-[206]
round-$-[206, 521, 964, 1080]
hall-$-[208, 1221]
ioniz-$-[208, 524]
induc-$-[209, 388, 421, 504, 508, 636, 694, 970, 1093]
interior-$-[209]
yaw-$-[210, 229, 333, 336, 435, 539, 564, 565, 566, 755, 907, 1110, 1159, 1192, 1213, 1306, 1309]
slight-$-[211, 1110]
immers-$-[211]
test-$-[212, 214, 215, 237, 271, 276, 311, 486, 502, 505, 511, 598, 631, 679, 686, 724, 755, 790, 799, 804, 838, 860, 865, 876, 879, 880, 905, 948, 986, 1069, 1092, 1154, 1176, 1305, 1317, 1335, 1336, 1351, 1359]
rotor-$-[212, 277, 511, 989]
blade-$-[212, 277, 588, 772, 869, 985, 990]
turbin-$-[212, 213, 215, 276, 277, 427, 511, 869]
cascad-$-[214, 277, 511]
stage-$-[215, 543, 590, 1354]
design-$-[215, 239, 246, 301, 341, 367, 415, 419, 535, 592, 602, 640, 650, 674, 758, 834, 868, 880, 893, 945, 984, 985, 986, 1033, 1069, 1124, 1134, 1136, 1293]
ratio-$-[215, 247, 277, 513, 676, 698, 712, 749, 766, 780, 857, 858, 859, 895, 916, 918, 919, 920, 991, 1124, 1188, 1291, 1320, 1344, 1380]
converging-diverg-$-[217]
intens-$-[218, 262, 809, 811]
spectra-$-[218]
region-$-[218, 240, 357, 630, 667, 707, 1121, 1183, 1216]
strength-$-[219, 642, 823, 1045, 1046, 1047, 1128, 1130, 1177]
sourc-$-[219, 278]
along-$-[219, 261, 393, 663, 785, 912]
purpos-$-[220]
analogu-$-[220, 732, 868]
random-$-[220, 722, 723, 726, 727, 729, 908, 911]
annular-$-[221, 1352]
stanton-$-[223]
quasi-cylindr-$-[224, 512]
prescrib-$-[224, 369, 512]
linearis-$-[224, 227, 278, 468, 469, 470, 917]
alon-$-[225]
improv-$-[227, 244, 320, 321, 842]
straight-$-[227, 676, 950]
navier-stok-$-[228, 1063, 1081, 1082, 1085]
distanc-$-[228, 483, 533, 715, 1140]
interfer-$-[229, 230, 252, 431, 516, 520, 610, 672, 799, 800, 923, 993, 1062, 1074, 1075, 1092, 1093]
cruciform-$-[229, 432, 1202]
set-$-[229]
incid-$-[229, 316, 432, 600, 605, 1075, 1285, 1312]
wing-bodi-$-[230, 432, 433, 434, 803, 809, 923, 1062, 1074, 1075, 1243]
tailplan-$-[230, 722]
practic-$-[231, 1073, 1329]
second-ord-$-[231, 384, 629, 1062, 1074, 1075, 1108, 1202, 1259]
non-lift-$-[231, 232, 1075]
accuraci-$-[232, 853]
second-$-[234, 259, 306, 367, 532]
order-$-[234, 259, 281, 1086]
shock-expans-$-[234, 384, 1248]
minimis-$-[235]
evalu-$-[235, 339, 441, 1073]
criteria-$-[236, 996]
thermodynam-$-[236, 302, 396, 645, 691, 873]
equilibrium-$-[236, 410, 595, 656, 949, 1077, 1252, 1286, 1312]
routin-$-[237]
code-$-[237]
pitot-stat-$-[238, 239, 893, 904, 905]
factor-$-[238, 439, 893, 925, 1188, 1258]
special-$-[238, 930]
calibr-$-[239, 430, 604, 893, 904]
semi-ellipsoid-$-[239]
non-uniform-$-[241, 1333]
rest-$-[241]
interferomet-$-[243]
smoke-$-[244]
visualis-$-[244]
flap-$-[245, 631, 673, 815, 1094, 1095, 1265]
dimens-$-[245, 1083]
minimum-$-[246, 510, 1124, 1201, 1266, 1280]
tip-$-[246, 675]
fin-$-[246, 520, 600]
appendix-$-[246]
conform-$-[246]
lighthil-$-[248]
formula-$-[248, 249, 554, 555, 581, 606, 768, 855, 1079, 1343]
employ-$-[249, 1286]
given-$-[249, 985, 1124]
rhombic-$-[250]
collect-$-[251]
longitudin-$-[251, 516, 638, 709, 712, 713, 791, 917, 1173, 1357, 1359]
differ-$-[252, 551, 1079, 1088]
size-$-[252, 1082]
various-$-[252, 329, 673, 796, 952, 999, 1032, 1077, 1092, 1115, 1166, 1322]
u.k.-$-[252]
level-$-[253, 805, 1168]
suction-$-[254, 308, 393, 478, 1109, 1325]
work-$-[254, 430, 604]
glanc-$-[256]
slider-$-[258]
bear-$-[258]
critic-$-[260, 277, 314, 412, 774, 874, 1369, 1397]
axi-symmetr-$-[261]
format-$-[262, 1273]
blast-$-[262, 495, 654, 1327]
instantan-$-[263]
energi-$-[263, 300, 507, 534, 646, 851]
releas-$-[263, 350]
aris-$-[265]
neumann-$-[266]
non--$-[266, 852]
circulatori-$-[266]
within-$-[266]
vertic-$-[267, 269, 408, 419, 912, 948, 1094, 1095, 1162, 1163, 1164]
oscillatori-$-[272, 594, 699, 701, 716, 755, 1272]
coeffici-$-[272, 396, 583, 688, 699, 701, 861, 964, 965, 980, 1201, 1204, 1272, 1332, 1334]
unifi-$-[272, 951, 1120, 1272]
strip-$-[272, 596, 1272, 1325, 1339]
quartz-$-[274]
teflon-$-[274]
re-entri-$-[274, 555, 713, 1217, 1219, 1379, 1391]
mission-$-[274]
depth-$-[275]
return-$-[275]
lunar-$-[275]
exit-$-[277, 692, 693]
shell-$-[279, 428, 739, 740, 741, 742, 743, 744, 760, 763, 764, 765, 769, 826, 827, 828, 830, 831, 841, 843, 844, 846, 847, 848, 851, 852, 885, 886, 887, 889, 890, 891, 897, 898, 926, 929, 930, 931, 934, 935, 936, 937, 952, 953, 954, 955, 957, 1036, 1037, 1038, 1039, 1040, 1041, 1042, 1043, 1044, 1052, 1067, 1068, 1070, 1071, 1117, 1118, 1119, 1123, 1125, 1126, 1129, 1130, 1131, 1132, 1134, 1135, 1137, 1138, 1171, 1172, 1173, 1294, 1360]
semicircular-$-[279]
oil-$-[280]
unit-$-[280, 513]
kingdom-$-[280]
higher-$-[281]
91-$-[282]
3-$-[282, 766, 816, 857, 858, 859, 948, 1000, 1350]
12-$-[282, 794, 1218]
chordwis-$-[284, 312, 676]
bend-$-[284, 422, 454, 647, 730, 733, 734, 735, 736, 762, 763, 826, 827, 838, 839, 841, 928, 936, 955, 1045, 1046, 1047, 1054, 1055, 1066, 1115, 1176, 1178, 1360, 1398]
low-spe-$-[287, 712, 1095]
sideslip-$-[287, 545, 688, 782]
sheet-$-[288, 819]
downwash-$-[288, 637, 705, 1165, 1166, 1167]
cruciform-w-$-[289]
arrang-$-[289]
sweepback-$-[291, 675, 713, 749]
shock-wav-$-[291, 1312, 1316]
rapid-$-[292, 985, 986, 990, 1177]
piece-wis-$-[292]
4-$-[293, 338, 430, 564, 805, 1107]
upper-$-[296, 531, 619, 620, 622, 731, 1103, 1147]
wedg-$-[298, 544, 736, 1181, 1189]
semi-infinit-$-[299, 586, 754, 788]
class-$-[300]
sharp-corn-$-[301]
transport-$-[302, 649, 691, 1164]
recombin-$-[303, 575, 1230]
first-ord-$-[304, 528]
approach-$-[304, 444, 753, 758, 867, 955, 1126, 1252]
strong-$-[304, 305, 495, 1156, 1252]
onset-$-[311]
buffet-$-[311, 416]
16-$-[312]
1.25-$-[312]
altern-$-[313, 363]
form-$-[313, 418, 734, 907, 972, 1322, 1341]
basic-$-[313, 1242]
height-$-[314, 548, 616, 622, 710]
particl-$-[314]
0-$-[314, 522, 685, 757, 759, 766, 812, 857, 858, 859, 948, 999, 1066, 1344]
fix-$-[315]
occurr-$-[316]
non-equilibrium-$-[317, 401, 541, 1296]
propag-$-[319, 654, 1203, 1327]
weak-$-[319]
blasius-$-[320, 321, 322, 476, 478, 527]
three-point-$-[320, 321, 322, 476, 527]
forst-ord-$-[326]
local-$-[327, 470, 539, 540, 564, 566, 769, 1175]
rarefi-$-[329, 447, 571, 630, 1139, 1258]
taylor-$-[330, 331]
tension-$-[331]
similitud-$-[332, 541, 573, 577]
real-ga-$-[332, 493, 1286]
infinit-$-[333, 412, 786, 819, 953, 1109, 1251, 1396, 1397, 1400]
8-$-[338, 372, 423, 431, 522, 546, 689, 690, 757, 791, 1000, 1106, 1355]
transpir-$-[339, 343, 565, 628, 661]
m=3-$-[339, 343]
.2-$-[339]
laval-$-[341]
smooth-$-[346]
assumpt-$-[349]
jeffrey-hamel-$-[351]
nonparallel-$-[351]
sweat-cool-$-[352, 1200]
helium-$-[353, 366, 413, 646, 686, 947, 1156]
optimum-$-[356, 357, 374, 561]
curv-$-[356, 506, 675, 727, 864, 1048, 1050, 1130, 1235]
super-aerodynam-$-[356, 357]
regim-$-[356, 371]
unyaw-$-[359]
inclin-$-[360, 920]
real-$-[362, 363, 444, 583, 1077, 1143, 1274, 1319]
formul-$-[363]
analys-$-[364, 454]
homogen-$-[365]
rate-$-[365, 509, 606, 717, 1087, 1101, 1159, 1344]
via-$-[367, 532]
lyapunov-$-[367, 532]
polar-$-[368]
hemisphere-cylind-$-[370, 635, 1191]
nomin-$-[372]
travel-$-[373, 1147]
airspe-$-[373]
zoom-$-[374]
climb-$-[374, 871]
stewartson-illingworth-$-[377]
revers-$-[379, 1316, 1318]
theorem-$-[379]
nonstationari-$-[379, 706]
quasi-steadi-$-[380, 753]
bending-tors-$-[380]
generalis-$-[385, 386, 633]
porous-wal-$-[385, 386, 773]
couett-$-[385, 386, 1273]
panel-flutt-$-[390]
rectangular-$-[391, 392, 400, 454, 647, 780, 857, 863, 895, 918, 919, 1392, 1398]
simpli-$-[391, 422, 647, 852, 894, 956, 1050, 1357, 1358, 1387, 1392, 1397]
support-$-[391, 422, 609, 647, 844, 852, 894, 913, 956, 1050, 1358, 1387, 1392, 1397]
natur-$-[392, 910]
frequenc-$-[392, 867, 882, 910, 1113]
elast-$-[392, 412, 425, 737, 827, 843, 849, 862, 889, 894, 956, 1036, 1037, 1038, 1039, 1040, 1042, 1043, 1044, 1049, 1118, 1133, 1137, 1171, 1172, 1363]
restrain-$-[392, 412]
lagrangian-$-[396, 873]
convection-fundament-$-[396]
shortcom-$-[396]
sublay-$-[397]
clamp-$-[400, 422, 641, 730, 734, 735, 765, 886, 890, 1387, 1392, 1396]
coupl-$-[401, 623, 645, 1296]
process-$-[401, 832, 1209, 1388]
locat-$-[411, 482, 673, 1338]
detach-$-[411, 482, 483, 501, 1389, 1390]
direct-$-[412, 498, 696, 885, 1234]
nasa-$-[413]
r82-$-[413]
1960-$-[413]
postpon-$-[416]
allevi-$-[416]
shock-induc-$-[416, 1187]
intermedi-$-[419]
stiffen-$-[419, 729, 1070, 1116, 1129, 1130, 1132, 1293, 1357, 1358, 1359, 1360, 1396, 1397, 1399, 1400]
web-$-[419, 860]
squar-$-[422, 644, 776, 1079, 1387]
adjac-$-[422, 647, 695, 697, 971]
other-$-[422, 647]
cantilev-$-[424, 442, 454, 551, 644, 1337]
concentr-$-[424]
preliminari-$-[426, 1002, 1150]
entranc-$-[426, 964, 1139]
stator-$-[426]
lattic-$-[427, 1079]
quasi-cylind-$-[428]
specifi-$-[428]
descript-$-[429]
r.-$-[429]
a.-$-[429]
e.-$-[429, 868]
4ft-$-[430]
x-$-[430, 602, 603, 604, 795]
3ft-$-[430, 466]
rae-$-[430, 466, 602, 904, 1315]
bedford-$-[430, 466]
zero-lift-$-[431]
(-$-[431, 516, 675, 757, 860, 1126, 1211]
m=0-$-[431, 516]
)-$-[431, 516, 860, 1126, 1211]
damp-$-[432, 515, 1066, 1115]
differenti-$-[432, 851, 857, 1073, 1086, 1087, 1388]
contribut-$-[434, 962]
super-satellit-$-[436]
super-$-[438]
affect-$-[439, 710, 925, 1188]
compil-$-[440, 779]
inform-$-[440]
attach-$-[440, 526, 609, 683, 1077]
angle-of-attack-$-[441]
stall-flutt-$-[441]
paramet-$-[442, 488, 662]
light-$-[442, 481]
midspan-$-[443]
4412-$-[443]
mathieu-$-[445]
ionospher-$-[446, 448, 449, 531]
plasma-$-[447, 1249]
negat-$-[448]
charg-$-[448, 449, 1249, 1255]
magnetic-field-fre-$-[448]
physic-$-[450, 463, 777, 1376]
interpret-$-[450]
duct-$-[450, 607, 653, 669]
liapunov-$-[451]
's-$-[451, 479, 502, 506, 542, 716, 738, 787, 842, 850, 853, 861, 869, 1123, 1126, 1133, 1345, 1369, 1382]
joukowski-$-[452]
maximum-$-[453, 484, 1344]
normal-$-[454, 761, 819, 927, 934, 951, 970, 971, 1252, 1258, 1312]
modifi-$-[455, 1339]
cross-le-$-[455]
reattach-$-[455, 651]
typic-$-[456, 725]
posit-$-[457, 523, 1094]
fore-$-[461]
plastic-$-[463, 818, 819, 820, 823, 825, 1067, 1119, 1120, 1122]
vapour-$-[466]
screen-$-[466]
visual-$-[466, 602]
refin-$-[468]
uniti-$-[470]
freeman-$-[473]
interfac-$-[477]
co-curr-$-[477]
tabul-$-[478, 1077, 1312]
blow-$-[478]
occur-$-[479]
falkner-$-[479]
skan-$-[479]
adiabat-$-[480]
combust-$-[480, 635, 691, 1072, 1254, 1268, 1269, 1374]
laminari-$-[481]
weight-$-[481, 1226]
re-examin-$-[482]
concept-$-[482, 487, 540, 649, 824]
aerothermoelast-$-[486]
base-typ-$-[487]
crocco-le-$-[487]
reaction-r-$-[488]
gasdynam-$-[488, 1295]
normal-shock-$-[490]
close-$-[491, 555, 714, 1154, 1359]
relationship-$-[491]
plane-couett-$-[491]
ogive-forebodi-$-[492]
plast-$-[494]
aileron-$-[496]
buzz-$-[496]
neglect-$-[496]
axe-$-[498]
perpendicular-$-[498, 696, 970, 972]
free-stream-$-[498, 636, 692, 693, 694, 695, 696, 970, 1260]
closed-form-$-[499]
enter-$-[499, 639, 715, 716, 717, 719, 944]
joul-$-[500]
stagnation-point-$-[501, 533, 1238]
squir-$-[502]
ballist-$-[505, 715]
havelock-$-[506]
shallow-wat-$-[506]
wave-resist-$-[506]
nose-blunt-$-[508]
after-bodi-$-[508]
graphic-$-[509]
sublim-$-[509, 1279]
net-$-[509]
gross-$-[509, 558]
manoeuvr-$-[510]
fuel-$-[510, 691, 1102]
expenditur-$-[510]
doubl-$-[511, 1316]
uncamb-$-[513]
cross-sect-$-[514, 788]
m=4-$-[514, 612]
.0-$-[514]
self-$-[515]
sustain-$-[515]
.92-$-[516]
35-$-[516, 812]
reaction-resist-$-[517]
front-$-[517]
polyatom-$-[518]
wing-tail-$-[520]
caus-$-[520, 796]
magnus-$-[520]
'-$-[520, 612, 791, 890]
cone-cylinder-flar-$-[522, 605, 1292]
line-$-[523, 1343]
partial-$-[524, 688, 1073, 1087, 1088, 1263]
deceler-$-[529, 1291, 1344]
oseen-typ-$-[530]
pitch-yaw-$-[532]
shock-detach-$-[533]
shroud-$-[535, 985, 986]
hemispher-$-[535, 628, 662, 689, 690, 800]
conpress-$-[538]
infit-$-[539]
biot-$-[542, 869]
stack-$-[543]
give-$-[543]
overal-$-[543]
map-$-[543]
asymmetr-$-[545, 936, 1179]
wing-fin-$-[545]
grade-$-[546]
6-$-[546, 567, 685, 689, 690, 755, 757, 946, 972, 991, 999, 1307, 1349, 1355]
caret-$-[547]
contract-$-[548, 613, 614, 615]
pt-$-[548, 1090, 1130]
.iv-$-[548]
depend-$-[548, 981]
altitud-$-[548, 805, 806, 807, 882]
high-veloc-$-[549, 1268]
vortex-typ-$-[549]
kinet-$-[552]
glassi-$-[553]
graph-$-[554, 555]
repli-$-[555]
growth-$-[558, 1107, 1196]
object-$-[558]
forward-$-[559, 946, 1393]
upstream-$-[560, 636]
transpiration-cool-$-[560]
geometr-$-[561, 1067, 1305, 1310]
planar-$-[561]
concern-$-[562, 977, 1392]
recoveri-$-[564, 1258]
86-$-[567, 685, 1349]
90-$-[567, 867, 1307]
ultra-high-$-[571]
nonequilibrium-$-[574, 578, 625, 1189, 1210, 1245, 1295, 1297]
molecular-$-[574, 1226]
encount-$-[574]
atom-$-[575, 1230]
thermo-mechan-$-[580]
reciproc-$-[580, 706]
thermal-stress-$-[581]
melt-$-[582]
oper-$-[588, 595, 795, 868, 1144, 1168]
row-$-[588]
stall-$-[588, 589, 1115]
surg-$-[589]
match-$-[590]
/choke-$-[591]
line/-$-[591]
gun-$-[595, 1318]
flexur-$-[596, 732, 844, 845, 877]
pivot-$-[596]
pitch-$-[597, 702, 717, 755, 816, 1115]
7-$-[602, 603, 604, 685, 686, 773, 1107]
farnborough-$-[602, 603, 604]
instrument-$-[602]
r.a.e-$-[603]
heater-$-[603]
r.a.e.-$-[604]
iii-$-[604, 615, 919]
6.8-$-[605]
planform-$-[609, 634, 757, 783, 794, 1289, 1290]
corner-$-[610, 1234, 1250]
invert-$-[612]
'v-$-[612]
spheric-$-[613, 688, 827, 828, 830, 1053, 1140]
eccentr-$-[615]
/0.2-$-[615]
e-$-[615]
1/-$-[615]
upper-atmospher-$-[616, 617]
observ-$-[616, 617, 620, 799, 933, 1106, 1382]
artifici-$-[618]
..-$-[619]
earth-$-[620, 716, 1345]
latitud-$-[621]
diurnal-$-[621]
190-$-[621]
280-$-[621]
km-$-[621]
discover-$-[621]
cruis-$-[624]
channel-flow-$-[624]
machin-$-[624, 1388]
featur-$-[626]
split-$-[631, 673]
square--$-[634]
double-wedg-$-[634]
.4-$-[634]
bluff-afterbodi-$-[635]
methane-air-$-[635, 691]
1.39-$-[636, 693]
exhaust-$-[636, 694, 696, 721, 970, 972, 973, 992, 993, 994, 1061, 1187, 1326, 1349, 1352]
time-depend-$-[637, 1242]
util-$-[638, 996]
tumbl-$-[639, 719]
fatigu-$-[640, 723, 726, 727, 767, 768, 865, 866, 867, 881, 883, 884]
reduct-$-[641, 991]
membran-$-[641, 840, 955]
sector-$-[641, 734]
wing-aileron-$-[643]
launch-$-[643, 747, 1066]
either-$-[647, 1392]
valu-$-[648, 731, 745, 855, 861]
hovercraft-$-[649, 650]
maritim-$-[649]
obtain-$-[651, 688, 699, 1063, 1101, 1380]
step-$-[651, 996]
departur-$-[656]
interferometr-$-[657]
truncat-$-[657, 937]
i..-$-[658]
nonuniform-$-[659, 762, 1178, 1203]
wedge-typ-$-[661]
aerodynamic-h-$-[662]
insid-$-[669]
blunt-bodi-$-[670, 1151, 1179, 1224]
chord-$-[673, 1094]
hing-$-[673]
lift-depend-$-[674, 683]
m=-$-[674]
2-$-[674, 686, 755, 759, 791, 806, 808, 809, 812, 857, 860, 1066]
9-$-[675, 1292, 1355]
60degre-$-[675]
span-$-[676, 699, 782, 910, 1092]
/subson-$-[677]
theory/-$-[677]
end-$-[678, 751, 844]
twist-$-[682]
minim-$-[683, 1219, 1373]
complet-$-[684, 688]
aeroelast-$-[685, 746, 781, 875]
express-$-[688, 851]
langley-$-[689, 1290, 1353, 1354]
11-inch-$-[689]
investigaion-$-[690]
spiked-nos-$-[690]
hydrocarbon-$-[691]
burn-$-[691]
ethylene-air-$-[691]
turbojet-$-[692, 693]
nacell-$-[692, 693]
2.02-$-[692]
1.80-$-[694, 695]
flat-plat-$-[696, 861, 1282]
spanwis-$-[696, 1332, 1334]
2.0-$-[696, 970]
fire-$-[697]
indic-$-[699, 701, 702]
sink-$-[701, 702, 779]
0.7-$-[701]
0.5-$-[702]
0.6-$-[702, 793, 794]
kernel-$-[704, 705, 781]
som-$-[706]
heat-sustain-$-[707]
reentri-$-[708, 709, 711]
99degre-$-[709]
glider-$-[709, 713]
fold-$-[709, 711]
wingtip-$-[709, 711]
smallest-$-[710]
capabl-$-[710]
-dash-$-[711]
4degre-$-[711]
100degre-$-[711]
delta-w-$-[711]
low-aspect-$-[712]
contour-$-[712]
79.5degre-$-[713]
45degre-$-[713, 782, 1338]
dihedr-$-[713, 1077]
6.2-$-[713]
20degre-$-[713]
blockag-$-[714]
correct-$-[714]
throat-$-[714]
angular-$-[715]
misalign-$-[715]
miss-$-[715]
short-$-[717, 765, 917, 947, 999]
10degre-$-[717, 1001]
martian-$-[717]
exampl-$-[718]
aeronaut-$-[718]
franc-$-[718]
onera-$-[718]
sandwich-$-[720, 761, 826, 1048, 1049, 1050, 1069, 1127, 1128]
environ-$-[720, 1165, 1279]
excit-$-[722, 723, 911]
proof-$-[724]
aluminium-$-[727, 858]
expos-$-[727]
discret-$-[727]
continu-$-[728, 729, 910, 1289, 1331]
stringer-$-[728, 1359]
lower-$-[731, 744, 758, 948, 1255]
bound-$-[731, 758]
first-$-[731]
biharmon-$-[731]
sectori-$-[733, 735]
find-$-[738, 745]
exceed-$-[740]
post-buckl-$-[742]
greatest-$-[745]
least-$-[745]
connect-$-[746]
bodt-$-[747]
freedom-$-[747]
/compress-$-[748]
flow/-$-[748]
prevent-$-[751]
bluff-$-[751, 812]
not-so-thin-$-[752]
kernel-funct-$-[753]
sting-mount-$-[755]
oge-$-[755, 791]
half-w-$-[757, 796]
41-$-[757]
attain-$-[758]
sonic-boom-$-[758, 809]
over-pressur-$-[758]
ogiv-$-[759]
flare-$-[759, 1351]
30-$-[759]
85-$-[759, 1350]
inelast-$-[760, 762, 821, 824, 825, 837]
initi-$-[760, 943, 950, 953, 1122, 1372]
imperfect-$-[760, 822, 823, 849, 975, 1122]
allow-$-[762]
circular-cylindr-$-[763]
breath-$-[764, 848]
oval-$-[765]
hydrostat-$-[765, 926, 938, 1068, 1129, 1132, 1133]
single-bay-$-[766]
length-width-$-[766, 858, 859]
96-$-[766]
mathemat-$-[767]
appli-$-[767, 1236, 1282]
alloy-$-[767, 858, 865]
meter-$-[768]
assess-$-[768]
life-$-[768]
circumferenti-$-[769, 891]
jet-flap-$-[772]
q-$-[773]
app-$-[773]
math-$-[773]
1950-$-[773]
381-$-[773]
dodecagon-$-[776]
render-$-[777]
valid-$-[777, 1202]
radiat-$-[778, 1298, 1348]
sinusoid-$-[779, 1289]
gust-$-[779, 882, 1289]
38-$-[780]
transonic-bump-$-[780]
influence-coeffici-$-[781]
unswept-$-[782, 1332, 1339]
steady-st-$-[783, 871]
airplan-$-[783, 805, 806, 807, 1162, 1164, 1331, 1349]
stiff-$-[783, 1340]
length-$-[786, 891, 910]
rayleigh-$-[787]
wind-tunnel-$-[790, 799, 1286]
rotari-$-[790]
taper-$-[793, 794, 869]
1.6-$-[793, 794]
swept-back-$-[794]
warren-$-[794]
npl-$-[795]
18in-$-[795]
14in-$-[795]
band-$-[796, 891]
modif-$-[797]
50degre-$-[797]
intak-$-[798]
equival-$-[801]
cone-cylind-$-[801]
far-$-[802, 803]
axi-$-[802]
boom-$-[804, 808, 811, 1243, 1247]
45,000-$-[805]
feet-$-[805, 806, 807]
60,000-$-[806]
bomber-$-[807]
30,000-$-[807]
50,000-$-[807]
01-$-[808, 809]
body-axi-$-[813]
trans--$-[815]
onic-$-[815]
spin-$-[815]
extend-$-[815]
11-$-[816]
low-fineness-ratio-$-[816]
increment-$-[817, 825]
quantit-$-[818]
deform-$-[818, 863]
hole-$-[819]
column-$-[821, 822, 848, 950, 1017, 1018, 1019, 1020, 1021, 1022, 1023, 1024, 1025, 1026, 1027, 1028, 1029, 1030, 1031, 1034, 1035, 1120]
torsion-$-[823, 829, 937, 1121]
stretch-$-[826]
thin-wal-$-[829, 842, 854, 1051, 1121]
acceler-$-[832, 967]
converg-$-[832, 1085, 1087]
iter-$-[832, 1054, 1087, 1088]
iv-$-[833]
econom-$-[834]
strain-$-[835]
accumul-$-[835]
cycl-$-[835]
lingitudin-$-[836]
cyclic-$-[837]
pressuris-$-[838, 848]
ring-stiffen-$-[838, 888, 1133, 1176, 1178]
---$-[839, 855, 860]
unstiffen-$-[839, 1051]
wrinkl-$-[840, 1128]
pure-$-[841, 1178, 1360]
donnel-$-[842, 850, 853, 1123]
freeli-$-[844]
boundary-valu-$-[854]
.3-$-[856]
width-length-$-[857]
four-bay-$-[858]
10-$-[858, 859, 947, 1000]
aluminium-alloy-$-[859]
stainless-$-[859]
steel-$-[859]
multi-$-[860]
mw-1-$-[860]
adapt-$-[861]
van-$-[861]
driest-$-[861]
phenomenon-$-[862]
status-$-[864]
metal-$-[865]
nickel-bas-$-[865]
regular-$-[866]
creep-$-[866, 871, 950, 951, 952, 1012, 1013, 1014, 1015, 1016, 1017, 1018, 1019, 1020, 1021, 1022, 1023, 1024, 1025, 1026, 1027, 1028, 1029, 1030, 1031, 1034, 1035]
nimon-$-[867]
rheolog-$-[867, 870]
n.-$-[868]
g.-$-[868]
t.-$-[868, 1308]
disc-$-[869, 1275]
disloc-$-[871]
streamwis-$-[872, 1220]
equip-$-[878]
cumul-$-[881]
damag-$-[881, 884, 1168]
hoop-$-[885]
restraint-$-[894]
airforc-$-[895]
weapon-$-[896]
circl-$-[896]
case-$-[896]
postbuckl-$-[897]
65-$-[900, 1292]
sweep-$-[900, 1077, 1229, 1337]
current-$-[902]
propos-$-[902, 1305]
standard-$-[904]
head-$-[904, 907, 1136]
cavit-$-[907, 1193]
beam-$-[910, 913, 1316]
transtabl-$-[914]
slender-bodi-$-[921]
theory-review-$-[921]
whose-$-[922]
median-$-[922]
centr-$-[924]
wing-body-tail-$-[924]
post-$-[926]
cylinder-$-[926]
insect-$-[933]
simultan-$-[934]
action-$-[934]
single--$-[935]
multi-lay-$-[935]
rotate-$-[935]
donnell-typ-$-[936]
frustum-$-[938]
explicit-$-[939]
constant-temp-$-[939]
magnetoga-$-[939]
secondari-$-[942, 1288, 1326, 1356]
pump-$-[945, 988, 989]
impel-$-[945, 984, 985, 986, 988, 990]
exploratori-$-[946, 1351]
face-$-[946, 1128]
bow-$-[946, 1390]
semi-vertex-$-[947]
x-15-$-[948]
hyper-veloc-$-[949]
collaps-$-[952, 1125]
junction-$-[954]
corrug-$-[956, 1049]
sand--$-[956]
wich-$-[956]
snap-$-[957, 1053]
scoop-$-[958]
discharg-$-[964, 965]
flowmet-$-[964]
venturi-$-[964]
fulli-$-[966]
magnetogasdynam-$-[967]
propuls-$-[968]
side-jet-$-[969]
devic-$-[969]
2.92-$-[971]
6.4-$-[971]
ahead-$-[972]
ogive-cylind-$-[973, 1381]
main-$-[973]
thrust-$-[974, 1064, 1091, 1265, 1288, 1326]
vector-$-[974, 1288, 1326]
diatom-$-[975]
hydrodynam-$-[977, 1321]
inafinit-$-[978]
momentum-$-[979]
adiabatic-wal-$-[980]
heat-conduct-$-[981, 1073]
histori-$-[982]
addendum-$-[983]
mixed-flow-$-[984, 986, 987]
centrifug-$-[984, 985, 990]
hub-$-[985]
viii-$-[986]
redesign-$-[986]
turbo-machin-$-[987]
axial-radial-and-$-[987]
nonvisc-$-[988, 989]
blade-to-blad-$-[988, 989]
splitter-$-[989]
vane-$-[989]
wing-flow-$-[991]
project-$-[991]
prolat-$-[991]
spheroid-$-[991]
fine-$-[991]
extent-$-[993]
hous-$-[993]
90degre-$-[993]
180degre-$-[993]
retrocket-$-[994]
m=6-$-[996]
.5-$-[996, 1000, 1218]
forward-fac-$-[996]
180-$-[999, 1143]
semivertex-$-[1001]
spike-$-[1002]
weight-strength-$-[1012, 1013, 1014, 1015, 1016]
conserv-$-[1032]
basi-$-[1033]
assum-$-[1033]
inaccuraci-$-[1033]
construct-$-[1050, 1128, 1389]
cap-$-[1053]
spring-$-[1057, 1058, 1059]
state-$-[1060]
large-scal-$-[1064]
six-propel-$-[1064]
vtol-$-[1064, 1089, 1090, 1093, 1144, 1165, 1166, 1167, 1169, 1170]
13-$-[1065]
.1-$-[1065]
free-fre-$-[1066]
70-$-[1066]
87-$-[1066]
orthotrop-$-[1067, 1070, 1117, 1118]
honeycomb-$-[1069]
torispher-$-[1071, 1134, 1136]
ignit-$-[1072]
zone-$-[1072]
40-$-[1078, 1081]
44-$-[1078]
/l40/-$-[1080]
1-dash-$-[1082]
2-dash-$-[1082]
orific-$-[1082]
fourth-$-[1086]
solv-$-[1088]
propeller-driven-$-[1089]
tilt-$-[1090, 1164]
wing-propel-$-[1090]
.ii-$-[1090]
vtol-stol-$-[1091]
wing-nacelle-propel-$-[1092]
buried-fan-$-[1093]
slot-$-[1094, 1095, 1180, 1323]
redirect-$-[1094]
downward-$-[1094, 1095]
take-off-$-[1094, 1095, 1162, 1163, 1164]
large-chord-$-[1095]
qualit-$-[1096]
11,000-$-[1096]
f-$-[1096]
enthalpi-$-[1098]
sensor-$-[1101]
five-stag-$-[1102]
14-$-[1104]
electron-$-[1113]
apparatus-$-[1113]
record-$-[1113]
logarithm-$-[1113]
decrement-$-[1113]
audio-$-[1113]
subaudio-$-[1113]
space-vehicl-$-[1114]
payload-$-[1114]
finite-span-$-[1115, 1339]
yield-$-[1121]
role-$-[1122]
center-$-[1124, 1338]
conceptu-$-[1126]
ring-$-[1129, 1132]
handbook-$-[1130]
.vi-$-[1130]
constraint-$-[1131, 1217, 1266]
southwel-$-[1133]
caution-$-[1134]
toricon-$-[1136]
vessel-$-[1136, 1175]
toroid-$-[1137, 1138]
shock-standoff-$-[1140]
one-foot-$-[1143]
high-enthalpi-$-[1143]
millisecond-$-[1143]
tilt-w-$-[1144, 1162, 1163, 1168, 1170]
core-stabil-$-[1145]
knudsen-$-[1148]
capillari-$-[1148]
oseen-$-[1152, 1369]
choke-$-[1153]
attenu-$-[1156]
hydrogen-$-[1156, 1374]
driver-$-[1156]
tailored-interfac-$-[1158]
6500-foot-per-second-$-[1159]
gaseous-$-[1160]
deton-$-[1160]
force-test-$-[1162, 1163]
1/8-$-[1162]
land-$-[1162, 1163, 1164]
four--$-[1164]
helicopt-$-[1165]
start-$-[1166]
eros-$-[1166]
terrain-$-[1166]
twin-propel-$-[1167]
incur-$-[1168]
multipropel-$-[1168]
vtol/stol-$-[1168]
gravel-cov-$-[1168]
hangl-$-[1169]
qualiti-$-[1169, 1322]
soft-$-[1171, 1172]
airfram-$-[1177]
compon-$-[1177]
non-conduct-$-[1181]
expansion-conduct-$-[1183]
accord-$-[1186]
overexpand-$-[1187]
lift-drag-$-[1188, 1291, 1344, 1380]
20-$-[1188]
curvilinear-$-[1193]
imping-$-[1195]
flexibl-$-[1197, 1287, 1321, 1322]
blunt-leading-edg-$-[1198]
foreign-ga-$-[1199, 1237]
newton-busemann-$-[1201]
monatom-$-[1203]
rarefact-$-[1204]
hemi--$-[1205]
addit-$-[1207, 1328]
exert-$-[1208, 1276]
downwash-imping-$-[1209]
speeds-three-dimension-$-[1211]
elong-$-[1214]
wide-$-[1214]
step-induc-$-[1216]
inequ-$-[1217]
glide-$-[1218]
.6-$-[1218]
17-$-[1218]
program-$-[1219]
inviscid-incompressible-flow-$-[1223]
plk-$-[1224]
advers-$-[1225, 1261]
vapor-$-[1226]
pressure-gradi-$-[1227]
preston-$-[1227]
present-$-[1230]
curtain-$-[1232]
bounari-$-[1235]
nonsimilar-$-[1240]
upstream-transpir-$-[1240]
activ-$-[1241]
nonplanar-$-[1246]
projectil-$-[1247]
volum-$-[1247, 1266]
conductor-$-[1249]
quarter-$-[1251]
act-$-[1256]
optic-$-[1257]
hypothesi-$-[1265]
jet-mix-$-[1265]
stabl-$-[1268]
inlet-$-[1270]
unsteadili-$-[1275]
cancel-$-[1277]
coaxial-$-[1283]
tubul-$-[1284]
shyperson-$-[1286]
shock-tub-$-[1286, 1312, 1317]
nitrogen-$-[1286, 1298]
progress-$-[1287]
report-$-[1287]
sobson-$-[1289]
freon-12-$-[1290, 1335, 1336]
spacecraft-$-[1291]
modul-$-[1291, 1344, 1346]
plume-$-[1292, 1351]
matrix-$-[1294, 1362]
ionize-$-[1297]
expand-$-[1297]
lumin-$-[1298]
programm-$-[1305]
guid-$-[1308]
m.-$-[1308]
i.-$-[1308]
self-induc-$-[1311]
6in-$-[1315]
high-pressur-$-[1315]
spectrum-lin-$-[1316]
sodium-lin-$-[1318]
auxiliari-$-[1323]
re-establish-$-[1323]
excresc-$-[1324]
perfor-$-[1325]
maintain-$-[1325]
non-stationari-$-[1329, 1330]
fourier-$-[1330]
sweptw-$-[1331]
flight-test-$-[1331]
medium-$-[1336]
graviti-$-[1338]
solid-construct-$-[1340]
six-$-[1341]
plan-$-[1341]
back-$-[1343]
parabol-$-[1348, 1352]
billow-$-[1350]
missile-typ-$-[1350]
cone--$-[1351]
92-$-[1352]
two-step-$-[1353]
11in-$-[1353, 1354]
singl-$-[1354]
embed-$-[1356]
supplort-$-[1357]
z-section-$-[1359]
sphere.-$-[1369]
swirl-$-[1371]
free-molecul-$-[1373]
reactiv-$-[1374]
p-function-$-[1376]
blunt-con-$-[1378]
schubauer-$-[1382]
involv-$-[1383]
pair-$-[1387]
opposit-$-[1387]
step-by-step-$-[1388]
simply-support-$-[1396, 1400]
reinforc-$-[1396]
