1 875
1 13
1 486
1 792
1 746
1 202
1 359
1 1111
1 879
1 584
2 746
2 792
2 12
2 47
2 1379
2 875
2 700
2 202
2 909
2 810
3 399
3 144
3 485
3 181
3 90
3 91
3 142
3 518
3 582
3 585
4 166
4 488
4 410
4 236
4 552
4 1252
4 1296
4 185
4 1241
4 1202
5 552
5 142
5 1209
5 130
5 1198
5 1379
5 1376
5 824
5 1217
5 577
6 1273
6 130
6 115
6 997
6 1074
6 385
6 386
6 1097
6 544
6 1308
7 492
7 48
7 469
7 907
7 354
7 57
7 248
7 69
7 56
7 58
8 492
8 1193
8 232
8 69
8 711
8 38
8 469
8 461
8 473
8 354
9 21
9 585
9 623
9 959
9 168
9 22
9 398
9 437
9 554
9 1269
10 302
10 1214
10 617
10 1150
10 949
10 616
10 958
10 108
10 405
10 649
11 495
11 1327
11 262
11 1304
11 11
11 654
11 1238
11 1100
11 160
11 777
12 624
12 34
12 1222
12 1342
12 213
12 941
12 245
12 590
12 899
12 939
13 496
13 313
13 507
13 1242
13 157
13 1288
13 468
13 503
13 879
13 132
14 64
14 265
14 335
14 345
14 1364
14 798
14 190
14 403
14 472
14 449
15 553
15 1098
15 82
15 108
15 405
15 463
15 1096
15 183
15 302
15 949
16 106
16 498
16 360
16 231
16 233
16 1301
16 192
16 494
16 336
16 124
17 106
17 142
17 650
17 1198
17 181
17 1195
17 368
17 414
17 585
17 1209
18 492
18 57
18 248
18 124
18 469
18 56
18 354
18 233
18 1301
18 907
19 1242
19 172
19 490
19 110
19 1270
19 1379
19 778
19 286
19 1003
19 1004
20 500
20 402
20 963
20 607
20 270
20 88
20 653
20 1222
20 554
20 190
21 883
21 1303
21 16
21 460
21 502
21 1111
21 552
21 376
21 792
21 193
22 140
22 587
22 145
22 786
22 115
22 125
22 493
22 346
22 158
22 963
23 892
23 899
23 141
23 185
23 184
23 1111
23 1112
23 142
23 1197
23 718
24 756
24 46
24 1317
24 1361
24 833
24 925
24 583
24 47
24 724
24 726
25 588
25 214
25 824
25 511
25 540
25 221
25 231
25 212
25 472
25 772
26 148
26 611
26 306
26 1370
26 1365
26 581
26 1182
26 207
26 180
26 1237
27 148
27 681
27 1129
27 752
27 1132
27 167
27 592
27 650
27 925
27 20
28 681
28 1048
28 752
28 167
28 1376
28 521
28 592
28 650
28 1329
28 20
29 465
29 420
29 901
29 222
29 601
29 250
29 415
29 900
29 191
29 612
30 752
30 1058
30 1059
30 680
30 633
30 931
30 27
30 63
30 1210
30 465
31 751
31 698
31 68
31 1245
31 678
31 1320
31 920
31 582
31 15
31 918
32 148
32 752
32 738
32 27
32 1210
32 20
32 745
32 1186
32 512
32 737
33 516
33 1003
33 1004
33 1005
33 1006
33 1007
33 1008
33 1009
33 1010
33 1011
34 672
34 610
34 608
34 252
34 109
34 575
34 594
34 598
34 876
34 1336
35 1327
35 654
35 724
35 166
35 1203
35 405
35 583
35 113
35 190
35 403
36 303
36 21
36 585
36 623
36 959
36 387
36 1160
36 584
36 22
36 398
37 503
37 186
37 38
37 492
37 126
37 473
37 370
37 121
37 232
37 176
38 536
38 138
38 976
38 446
38 1141
38 1368
38 295
38 577
38 981
38 294
39 337
39 1278
39 113
39 40
39 1220
39 79
39 207
39 1264
39 1324
39 43
40 536
40 138
40 113
40 446
40 1141
40 1368
40 295
40 577
40 589
40 976
41 1141
41 875
41 288
41 1196
41 1277
41 138
41 229
41 927
41 102
41 878
42 521
42 440
42 439
42 468
42 157
42 404
42 503
42 191
42 121
42 526
43 467
43 1194
43 404
43 503
43 157
43 36
43 122
43 440
43 703
43 916
44 20
44 703
44 820
44 821
44 1174
44 552
44 99
44 223
44 752
44 1044
45 305
45 525
45 573
45 623
45 344
45 1299
45 84
45 540
45 37
45 63
46 623
46 525
46 305
46 21
46 959
46 344
46 1304
46 584
46 37
46 295
47 310
47 525
47 1200
47 304
47 305
47 573
47 308
47 1299
47 568
47 540
48 797
48 879
48 440
48 26
48 526
48 368
48 969
48 334
48 800
48 157
49 476
49 322
49 321
49 320
49 527
49 150
49 349
49 681
49 854
49 778
50 1301
50 337
50 547
50 326
50 528
50 192
50 494
50 992
50 375
50 629
51 1301
51 133
51 106
51 94
51 1211
51 385
51 386
51 192
51 494
51 326
52 385
52 386
52 1211
52 147
52 629
52 899
52 1215
52 21
52 133
52 342
53 208
53 1236
53 1253
53 1282
53 61
53 298
53 18
53 89
53 531
53 524
54 623
54 123
54 344
54 84
54 338
54 21
54 585
54 959
54 1185
54 1213
55 460
55 376
55 1383
55 16
55 348
55 1301
55 150
55 645
55 1149
55 255
56 503
56 871
56 441
56 202
56 1089
56 530
56 638
56 15
56 658
56 866
57 202
57 925
57 507
57 15
57 439
57 375
57 1181
57 710
57 627
57 1111
58 785
58 963
58 21
58 959
58 120
58 585
58 623
58 398
58 303
58 584
59 785
59 261
59 381
59 105
59 912
59 347
59 382
59 150
59 645
59 1149
60 322
60 321
60 476
60 320
60 527
60 142
60 650
60 1224
60 778
60 1311
61 539
61 210
61 566
61 564
61 283
61 21
61 585
61 623
61 959
61 499
62 533
62 483
62 36
62 1384
62 1146
62 785
62 381
62 116
62 1262
62 1081
63 1045
63 1046
63 1047
63 738
63 866
63 1304
63 678
63 745
63 1146
63 204
64 718
64 736
64 482
64 908
64 1342
64 202
64 357
64 415
64 787
64 1201
65 388
65 180
65 664
65 1370
65 3
65 393
65 1302
65 209
65 207
65 327
66 1250
66 1198
66 576
66 1138
66 1282
66 398
66 452
66 659
66 1283
66 590
67 180
67 664
67 1370
67 3
67 393
67 1302
67 207
67 327
67 310
67 388
68 628
68 344
68 343
68 1097
68 565
68 185
68 339
68 661
68 249
68 374
69 155
69 459
69 150
69 977
69 1138
69 1193
69 570
69 255
69 307
69 349
70 155
70 459
70 1149
70 349
70 150
70 977
70 104
70 570
70 255
70 307
71 573
71 1299
71 540
71 63
71 310
71 537
71 305
71 1364
71 1097
71 577
72 1080
72 1191
72 285
72 687
72 593
72 630
72 668
72 670
72 413
72 361
73 577
73 573
73 332
73 541
73 410
73 1296
73 25
73 656
73 192
73 27
74 1153
74 1157
74 876
74 575
74 576
74 68
74 608
74 1158
74 656
74 110
75 584
75 13
75 303
75 21
75 585
75 623
75 959
75 486
75 1079
75 65
76 667
76 1299
76 1191
76 670
76 1157
76 666
76 803
76 668
76 1080
76 1158
77 667
77 1191
77 668
77 670
77 1080
77 1211
77 10
77 402
77 179
77 188
78 589
78 138
78 592
78 216
78 214
78 237
78 590
78 543
78 426
78 18
79 593
79 1378
79 199
79 594
79 1066
79 347
79 1104
79 1062
79 285
79 687
80 1317
80 1335
80 473
80 199
80 594
80 185
80 917
80 1318
80 1345
80 142
81 799
81 15
81 672
81 1157
81 714
81 597
81 126
81 131
81 1195
81 1158
82 1334
82 677
82 850
82 853
82 632
82 451
82 1239
82 1345
82 502
82 738
83 1060
83 20
83 1230
83 703
83 820
83 821
83 1174
83 27
83 468
83 1108
84 398
84 142
84 294
84 21
84 959
84 98
84 1244
84 522
84 159
84 101
85 418
85 109
85 608
85 115
85 96
85 575
85 594
85 598
85 876
85 1278
86 594
86 598
86 878
86 608
86 755
86 344
86 790
86 595
86 814
86 199
87 610
87 26
87 572
87 1250
87 134
87 629
87 899
87 496
87 526
87 191
88 614
88 548
88 622
88 613
88 616
88 615
88 143
88 619
88 620
88 618
89 679
89 793
89 797
89 226
89 222
89 464
89 632
89 1341
89 1239
89 916
90 416
90 1257
90 457
90 1160
90 1187
90 136
90 1052
90 1295
90 866
90 959
91 610
91 672
91 800
91 799
91 879
91 252
91 923
91 797
91 520
91 1093
92 811
92 1373
92 804
92 834
92 1219
92 102
92 684
92 683
92 1243
92 592
93 1336
93 635
93 691
93 1269
93 853
93 1335
93 1101
93 1150
93 958
93 1317
94 559
94 437
94 1099
94 35
94 1393
94 303
94 24
94 524
94 1161
94 438
95 370
95 240
95 283
95 21
95 585
95 623
95 959
95 628
95 22
95 398
96 698
96 1239
96 892
96 637
96 705
96 632
96 582
96 677
96 1334
96 902
97 882
97 1327
97 1331
97 110
97 1270
97 262
97 356
97 371
97 1003
97 1004
98 139
98 905
98 792
98 245
98 638
98 1265
98 7
98 679
98 1084
98 368
99 719
99 639
99 716
99 499
99 32
99 618
99 958
99 983
99 185
99 1141
100 760
100 1122
100 739
100 741
100 822
100 740
100 886
100 897
100 932
100 953
101 825
101 820
101 818
101 1119
101 20
101 1067
101 1120
101 703
101 821
101 1174
102 910
102 913
102 110
102 1270
102 1242
102 1003
102 1004
102 1005
102 1006
102 1007
103 761
103 1127
103 770
103 771
103 1050
103 440
103 820
103 1146
103 1174
103 826
104 863
104 821
104 910
104 913
104 762
104 1101
104 824
104 1316
104 644
104 735
105 764
105 848
105 846
105 847
105 908
105 953
105 763
105 821
105 886
105 897
106 847
106 908
106 344
106 878
106 764
106 846
106 1036
106 1037
106 1038
106 1039
107 725
107 909
107 640
107 47
107 1279
107 911
107 497
107 202
107 834
107 720
108 726
108 883
108 724
108 75
108 866
108 884
108 881
108 768
108 640
108 720
109 142
109 15
109 51
109 658
109 1361
109 627
109 1127
109 877
109 31
109 285
110 863
110 915
110 1060
110 424
110 862
110 744
110 820
110 1146
110 1174
110 1055
111 15
111 894
111 627
111 658
111 285
111 864
111 914
111 202
111 362
111 856
112 730
112 641
112 648
112 425
112 731
112 142
112 650
112 733
112 1138
112 322
113 1333
113 1328
113 1342
113 748
113 205
113 1104
113 272
113 1272
113 285
113 687
114 895
114 1248
114 473
114 965
114 783
114 918
114 164
114 780
114 990
114 159
115 875
115 142
115 1100
115 746
115 1083
115 585
115 960
115 811
115 13
115 252
116 1243
116 677
116 1206
116 1239
116 632
116 136
116 250
116 545
116 1218
116 44
117 1032
117 1328
117 761
117 925
117 927
117 1207
117 1092
117 1312
117 440
117 1285
118 1239
118 923
118 610
118 672
118 520
118 360
118 811
118 677
118 1345
118 172
119 926
119 1211
119 1045
119 1046
119 1047
119 1068
119 1129
119 854
119 1176
119 381
120 769
120 886
120 1146
120 891
120 897
120 890
120 887
120 1060
120 739
120 1173
121 1146
121 31
121 886
121 744
121 863
121 769
121 820
121 1174
121 891
121 887
122 931
122 1100
122 1118
122 897
122 905
122 937
122 957
122 1070
122 898
122 929
123 941
123 34
123 1222
123 1250
123 573
123 939
123 63
123 310
123 537
123 625
124 941
124 931
124 1100
124 63
124 34
124 1222
124 109
124 1151
124 171
124 1250
125 1074
125 1232
125 610
125 672
125 997
125 472
125 519
125 1097
125 1093
125 1075
126 974
126 1288
126 1326
126 397
126 368
126 969
126 337
126 414
126 474
126 785
127 981
127 5
127 1317
127 1063
127 1100
127 142
127 155
127 459
127 1101
127 1248
128 945
128 92
128 1246
128 1063
128 1250
128 473
128 1388
128 592
128 650
128 1219
129 989
129 988
129 376
129 150
129 850
129 853
129 931
129 998
129 255
129 99
130 15
130 948
130 658
130 627
130 142
130 285
130 864
130 914
130 728
130 202
131 1317
131 950
131 1017
131 1018
131 1019
131 1020
131 1021
131 1022
131 1023
131 1024
132 1017
132 1018
132 1019
132 1020
132 1021
132 1022
132 1023
132 1024
132 1025
132 1026
133 1017
133 1018
133 1019
133 1020
133 1021
133 1022
133 1023
133 1024
133 1025
133 1026
134 820
134 1174
134 1017
134 1018
134 1019
134 1020
134 1021
134 1022
134 1023
134 1024
135 1017
135 1018
135 1019
135 1020
135 1021
135 1022
135 1023
135 1024
135 1025
135 1026
136 831
136 1017
136 1018
136 1019
136 1020
136 1021
136 1022
136 1023
136 1024
136 1025
137 952
137 1032
137 847
137 1172
137 871
137 1017
137 1018
137 1019
137 1020
137 1021
138 953
138 847
138 846
138 764
138 908
138 841
138 769
138 1123
138 760
138 1041
139 953
139 847
139 846
139 764
139 908
139 841
139 1068
139 769
139 1123
139 1129
140 954
140 1041
140 1175
140 30
140 47
140 724
140 726
140 1327
140 195
140 497
141 1100
141 1041
141 1138
141 1248
141 828
141 954
141 953
141 1135
141 160
141 78
142 1175
142 1373
142 953
142 954
142 1136
142 846
142 1068
142 852
142 969
142 1219
143 954
143 1041
143 703
143 1174
143 1138
143 828
143 1129
143 1175
143 831
143 124
144 1045
144 1046
144 1047
144 839
144 841
144 955
144 800
144 763
144 1176
144 1142
145 1045
145 1046
145 1047
145 1048
145 826
145 1176
145 454
145 928
145 838
145 730
146 840
146 955
146 1045
146 1046
146 1047
146 130
146 38
146 492
146 1176
146 641
147 956
147 1049
147 1050
147 1128
147 931
147 1358
147 1172
147 391
147 761
147 1127
148 1048
148 761
148 1127
148 1146
148 820
148 1174
148 826
148 1050
148 1069
148 20
149 930
149 931
149 830
149 130
149 579
149 1361
149 1363
149 937
149 957
149 1070
150 1062
150 1074
150 285
150 687
150 1243
150 1075
150 923
150 593
150 1108
150 610
151 225
151 677
151 1342
151 473
151 370
151 1304
151 783
151 924
151 1261
151 632
152 1257
152 671
152 291
152 333
152 76
152 678
152 44
152 416
152 632
152 457
153 1088
153 1085
153 1063
153 1079
153 228
153 1081
153 551
153 150
153 850
153 853
154 1088
154 832
154 1087
154 1085
154 681
154 1262
154 551
154 473
154 167
154 684
155 587
155 1097
155 1100
155 1101
155 76
155 1379
155 505
155 1099
155 290
155 804
156 553
156 1098
156 1096
156 892
156 587
156 1097
156 1100
156 82
156 184
156 1111
157 1214
157 456
157 25
157 77
157 1239
157 994
157 1342
157 905
157 101
157 1151
158 302
158 949
158 958
158 108
158 405
158 463
158 552
158 183
158 1340
158 129
159 1197
159 849
159 1112
159 1066
159 908
159 192
159 494
159 958
159 708
159 1089
160 1071
160 763
160 831
160 954
160 1041
160 891
160 769
160 739
160 1134
160 1044
161 1185
161 1192
161 473
161 1386
161 54
161 460
161 150
161 959
161 1278
161 364
162 460
162 959
162 1278
162 562
162 155
162 459
162 62
162 376
162 255
162 55
163 492
163 48
163 69
163 38
163 57
163 56
163 354
163 767
163 359
163 37
164 416
164 1257
164 457
164 1187
164 311
164 959
164 291
164 1278
164 76
164 333
165 504
165 978
165 1268
165 209
165 16
165 348
165 460
165 1301
165 72
165 49
166 504
166 1364
166 209
166 271
166 73
166 16
166 348
166 460
166 1301
166 72
167 587
167 1097
167 1100
167 1279
167 1098
167 1101
167 553
167 1099
167 1193
167 1379
168 217
168 301
168 118
168 750
168 127
168 213
168 965
168 136
168 172
168 221
169 127
169 118
169 750
169 301
169 217
169 276
169 213
169 136
169 172
169 221
170 893
170 1211
170 905
170 239
170 1126
170 238
170 1191
170 431
170 860
170 904
171 1003
171 1004
171 1005
171 1006
171 1007
171 1008
171 1009
171 1010
171 1011
171 594
172 322
172 476
172 321
172 320
172 527
172 981
172 1138
172 1311
172 425
172 478
173 850
173 853
173 931
173 532
173 681
173 1086
173 1087
173 473
173 1073
173 451
174 411
174 1389
174 483
174 402
174 1101
174 501
174 1390
174 866
174 190
174 403
175 1191
175 34
175 1222
175 1080
175 668
175 670
175 666
175 667
175 53
175 238
176 542
176 1248
176 963
176 164
176 869
176 399
176 518
176 1100
176 160
176 181
177 138
177 592
177 589
177 216
177 590
177 588
177 543
177 214
177 237
177 426
178 138
178 592
178 216
178 589
178 523
178 214
178 237
178 590
178 543
178 426
179 703
179 1174
179 468
179 224
179 278
179 20
179 108
179 680
179 1271
179 478
180 622
180 548
180 616
180 184
180 882
180 719
180 1173
180 710
180 578
180 32
181 1074
181 1232
181 610
181 672
181 997
181 221
181 472
181 519
181 1075
181 1093
182 634
182 687
182 285
182 26
182 593
182 202
182 503
182 362
182 1104
182 703
183 804
183 811
183 1243
183 1045
183 1046
183 1047
183 925
183 583
183 1247
183 219
184 1379
184 32
184 117
184 1333
184 309
184 274
184 1217
184 1219
184 1391
184 447
185 15
185 856
185 627
185 285
185 658
185 864
185 914
185 202
185 772
185 878
186 610
186 672
186 1074
186 230
186 923
186 1243
186 1062
186 18
186 342
186 1075
187 763
187 1100
187 846
187 841
187 831
187 1071
187 1045
187 1046
187 1047
187 955
188 725
188 911
188 1279
188 722
188 909
188 720
188 640
188 497
188 997
188 723
189 640
189 881
189 473
189 1146
189 592
189 650
189 1177
189 726
189 1127
189 252
190 627
190 15
190 285
190 658
190 864
190 914
190 42
190 202
190 863
190 530
191 15
191 627
191 908
191 285
191 658
191 864
191 914
191 202
191 728
191 724
192 734
192 641
192 644
192 735
192 1057
192 642
192 726
192 109
192 938
192 424
193 730
193 1088
193 1224
193 703
193 1174
193 473
193 400
193 641
193 735
193 425
194 642
194 932
194 744
194 1145
194 1146
194 863
194 740
194 1060
194 951
194 1173
195 642
195 932
195 1055
195 1054
195 854
195 1045
195 1046
195 1047
195 742
195 1293
196 875
196 142
196 746
196 585
196 610
196 672
196 13
196 811
196 1177
196 26
197 881
197 884
197 768
197 473
197 761
197 923
197 726
197 866
197 969
197 867
198 886
198 897
198 739
198 1173
198 440
198 741
198 769
198 890
198 252
198 929
199 930
199 931
199 130
199 830
199 1361
199 1363
199 937
199 957
199 1070
199 1058
200 473
200 159
200 1138
200 1134
200 1248
200 1294
200 1041
200 1071
200 1224
200 843
201 1299
201 625
201 1245
201 578
201 958
201 402
201 1379
201 1391
201 1189
201 1297
202 1285
202 1100
202 1303
202 1378
202 1231
202 814
202 63
202 44
202 19
202 1248
203 473
203 1261
203 44
203 923
203 1308
203 884
203 1206
203 38
203 370
203 1303
204 1184
204 38
204 370
204 573
204 139
204 1216
204 1378
204 44
204 1261
204 496
205 1321
205 73
205 1199
205 1287
205 1322
205 133
205 1254
205 155
205 459
205 629
206 1290
206 879
206 866
206 1003
206 1004
206 1005
206 1006
206 1007
206 1008
206 1009
207 1188
207 623
207 818
207 925
207 862
207 344
207 458
207 46
207 756
207 439
208 1219
208 1291
208 368
208 1342
208 453
208 484
208 1201
208 1101
208 1217
208 699
209 1278
209 1385
209 1383
209 1228
209 1376
209 358
209 562
209 547
209 16
209 348
210 1172
210 1171
210 831
210 1118
210 1100
210 1125
210 929
210 886
210 897
210 843
211 886
211 897
211 831
211 739
211 1173
211 891
211 846
211 1068
211 741
211 769
212 1146
212 870
212 838
212 1045
212 1046
212 1047
212 888
212 642
212 823
212 1176
213 885
213 1146
213 822
213 130
213 1173
213 769
213 1293
213 932
213 642
213 888
214 1294
214 1362
214 130
214 830
214 831
214 828
214 1036
214 1037
214 1038
214 1039
215 535
215 357
215 707
215 1205
215 68
215 1183
215 770
215 771
215 1373
215 1356
216 1032
216 130
216 330
216 512
216 19
216 117
216 824
216 38
216 370
216 971
217 65
217 559
217 283
217 137
217 151
217 501
217 402
217 666
217 1300
217 303
218 559
218 283
218 666
218 21
218 585
218 623
218 959
218 36
218 65
218 22
219 149
219 361
219 680
219 703
219 1174
219 53
219 1191
219 1080
219 18
219 342
220 1365
220 1317
220 292
220 460
220 853
220 458
220 382
220 307
220 376
220 1240
221 1366
221 435
221 787
221 352
221 165
221 632
221 1376
221 1365
221 292
221 1211
222 1399
222 1400
222 400
222 1357
222 1358
222 1396
222 1070
222 419
222 915
222 1060
223 400
223 1399
223 1398
223 863
223 940
223 1400
223 180
223 393
223 664
223 398
224 236
224 1157
224 1298
224 656
224 1158
224 1299
224 1286
224 402
224 645
224 170
225 1188
225 969
225 1344
225 1380
225 1291
225 423
225 592
225 650
225 367
225 893
