1 875
1 13
1 746
1 792
1 486
1 202
1 359
1 1111
1 51
1 584
2 746
2 792
2 12
2 47
2 875
2 909
2 700
2 202
2 725
2 883
3 399
3 144
3 485
3 91
3 90
3 582
3 6
3 181
3 518
3 142
4 166
4 488
4 410
4 552
4 1296
4 1252
4 236
4 185
4 1241
4 103
5 552
5 142
5 1198
5 1379
5 1209
5 130
5 166
5 577
5 824
5 329
6 1273
6 130
6 385
6 386
6 406
6 870
6 115
6 1308
6 802
6 741
7 492
7 48
7 469
7 354
7 907
7 57
7 248
7 69
7 56
7 567
8 492
8 711
8 469
8 1193
8 69
8 232
8 48
8 354
8 38
8 1347
9 21
9 585
9 623
9 959
9 168
9 748
9 398
9 22
9 437
9 554
10 302
10 617
10 1150
10 1214
10 649
10 949
10 616
10 332
10 493
10 1286
11 495
11 1327
11 262
11 654
11 1304
11 1238
11 11
11 738
11 1100
11 27
12 624
12 34
12 1222
12 941
12 245
12 939
12 1342
12 213
12 1165
12 86
13 496
13 313
13 157
13 507
13 468
13 503
13 879
13 1242
13 121
13 404
14 64
14 265
14 335
14 345
14 1364
14 798
14 170
14 449
14 256
14 190
15 553
15 1098
15 82
15 108
15 405
15 463
15 1096
15 1340
15 183
15 302
16 106
16 498
16 360
16 1301
16 233
16 231
16 494
16 192
16 849
16 124
17 106
17 1195
17 498
17 181
17 360
17 1301
17 233
17 1281
17 700
17 1198
18 492
18 124
18 1301
18 233
18 57
18 248
18 469
18 56
18 360
18 106
19 1242
19 1379
19 172
19 110
19 1270
19 1003
19 1006
19 1004
19 1005
19 1007
20 500
20 402
20 607
20 963
20 190
20 403
20 490
20 1206
20 88
20 1222
21 16
21 502
21 1303
21 460
21 376
21 1111
21 883
21 552
21 792
21 193
22 140
22 145
22 786
22 125
22 346
22 493
22 115
22 254
22 413
22 587
23 892
23 899
23 185
23 141
23 1112
23 184
23 1111
23 1197
23 698
23 142
24 756
24 46
24 833
24 1361
24 1317
24 583
24 724
24 47
24 726
24 1327
25 214
25 588
25 511
25 212
25 540
25 824
25 772
25 697
25 221
25 277
26 148
26 611
26 306
26 1370
26 207
26 1237
26 1365
26 180
26 1182
26 145
27 1129
27 681
27 1132
27 415
27 752
27 148
27 925
27 592
27 650
27 840
28 681
28 415
28 752
28 1048
28 592
28 650
28 1208
28 521
28 1329
28 167
29 465
29 420
29 901
29 222
29 250
29 601
29 612
29 415
29 900
29 200
30 752
30 680
30 1058
30 1059
30 633
30 931
30 465
30 901
30 1186
30 27
31 751
31 68
31 698
31 678
31 1245
31 1320
31 920
31 582
31 228
31 844
32 752
32 27
32 1210
32 738
32 148
32 1186
32 745
32 63
32 1310
32 160
33 1003
33 1004
33 1005
33 1006
33 1007
33 1008
33 1009
33 1010
33 1011
33 516
34 672
34 610
34 608
34 109
34 575
34 594
34 598
34 876
34 252
34 1336
35 1327
35 654
35 166
35 724
35 113
35 1203
35 405
35 583
35 488
35 75
36 623
36 959
36 21
36 585
36 1160
36 387
36 303
36 554
36 437
36 22
37 503
37 186
37 38
37 492
37 126
37 370
37 121
37 176
37 179
37 188
38 536
38 976
38 138
38 295
38 446
38 1141
38 1368
38 294
38 577
38 563
39 1278
39 337
39 113
39 1220
39 40
39 79
39 207
39 1264
39 1324
39 43
40 536
40 113
40 138
40 295
40 446
40 1141
40 1368
40 976
40 577
40 563
41 1141
41 288
41 1196
41 1277
41 229
41 875
41 138
41 927
41 446
41 1368
42 521
42 440
42 503
42 404
42 439
42 157
42 468
42 121
42 526
42 467
43 467
43 1194
43 503
43 404
43 440
43 157
43 916
43 703
43 521
43 194
44 405
44 583
44 552
44 20
44 1314
44 703
44 820
44 821
44 1174
44 99
45 305
45 525
45 573
45 623
45 1299
45 344
45 540
45 310
45 63
45 537
46 623
46 525
46 305
46 344
46 21
46 959
46 295
46 37
46 398
46 585
47 310
47 525
47 1200
47 304
47 305
47 573
47 308
47 1299
47 568
47 540
48 879
48 797
48 440
48 526
48 368
48 969
48 800
48 26
48 157
48 334
49 476
49 322
49 321
49 527
49 320
49 854
49 150
49 349
49 376
49 538
50 1301
50 494
50 192
50 1112
50 337
50 326
50 528
50 547
50 233
50 27
51 385
51 386
51 106
51 1301
51 192
51 494
51 94
51 133
51 147
51 1112
52 386
52 385
52 147
52 21
52 1215
52 629
52 899
52 326
52 306
52 528
53 208
53 1236
53 1253
53 524
53 1282
53 61
53 298
53 329
53 1139
53 447
54 623
54 123
54 344
54 84
54 338
54 21
54 585
54 959
54 1185
54 1213
55 460
55 376
55 16
55 1301
55 348
55 1383
55 255
55 1149
55 150
55 645
56 202
56 871
56 530
56 15
56 1089
56 658
56 749
56 503
56 627
56 1111
57 202
57 15
57 627
57 1111
57 507
57 925
57 530
57 444
57 285
57 362
58 785
58 963
58 959
58 21
58 120
58 623
58 585
58 398
58 554
58 22
59 785
59 261
59 381
59 105
59 382
59 788
59 347
59 912
59 1146
59 784
60 322
60 476
60 321
60 527
60 320
60 11
60 478
60 1311
60 150
60 1224
61 539
61 210
61 566
61 283
61 564
61 959
61 21
61 585
61 623
61 533
62 533
62 483
62 1384
62 36
62 381
62 1146
62 785
62 1081
62 105
62 1262
63 678
63 738
63 1045
63 1046
63 1047
63 415
63 1146
63 745
63 287
63 204
64 202
64 908
64 736
64 15
64 718
64 1342
64 482
64 627
64 845
64 1111
65 388
65 180
65 664
65 3
65 1370
65 393
65 1302
65 207
65 327
65 209
66 1250
66 576
66 452
66 398
66 659
66 1283
66 590
66 389
66 63
66 310
67 180
67 664
67 3
67 1370
67 393
67 1302
67 207
67 327
67 388
67 310
68 628
68 343
68 344
68 565
68 1097
68 339
68 661
68 337
68 481
68 535
69 155
69 459
69 1138
69 150
69 977
69 105
69 570
69 1193
69 255
69 307
70 1149
70 155
70 459
70 349
70 150
70 977
70 104
70 570
70 292
70 565
71 573
71 1299
71 540
71 63
71 310
71 537
71 305
71 1200
71 333
71 323
72 1080
72 1191
72 285
72 687
72 593
72 630
72 139
72 668
72 670
72 361
73 577
73 573
73 541
73 332
73 1296
73 25
73 410
73 63
73 192
73 27
74 1153
74 575
74 1157
74 876
74 68
74 576
74 656
74 1158
74 110
74 608
75 584
75 13
75 959
75 21
75 623
75 585
75 486
75 1238
75 303
75 437
76 667
76 1299
76 1157
76 670
76 1191
76 1158
76 666
76 803
76 1356
76 668
77 667
77 1191
77 1299
77 670
77 668
77 1080
77 10
77 179
77 188
77 371
78 589
78 138
78 592
78 216
78 237
78 214
78 590
78 18
78 591
78 772
79 347
79 1378
79 577
79 593
79 329
79 199
79 594
79 289
79 1104
79 1279
80 1317
80 199
80 594
80 917
80 1335
80 765
80 142
80 185
80 947
80 137
81 799
81 597
81 672
81 1157
81 15
81 226
81 631
81 203
81 714
81 1158
82 1334
82 632
82 677
82 678
82 1239
82 415
82 1345
82 850
82 853
82 247
83 1060
83 20
83 1330
83 27
83 468
83 1108
83 1179
83 1210
83 121
83 706
84 398
84 294
84 98
84 522
84 1244
84 142
84 21
84 959
84 101
84 283
85 418
85 608
85 109
85 96
85 1278
85 575
85 876
85 594
85 598
85 294
86 594
86 598
86 608
86 755
86 878
86 575
86 876
86 109
86 595
86 344
87 610
87 1250
87 26
87 134
87 71
87 572
87 526
87 629
87 899
87 569
88 614
88 548
88 622
88 613
88 616
88 615
88 619
88 143
88 618
88 620
89 679
89 793
89 797
89 226
89 632
89 222
89 464
89 465
89 901
89 1186
90 416
90 1187
90 457
90 1160
90 1257
90 136
90 1052
90 1295
90 959
90 1278
91 800
91 610
91 672
91 879
91 799
91 252
91 157
91 923
91 797
91 496
92 811
92 1373
92 804
92 1219
92 1243
92 834
92 1247
92 683
92 262
92 684
93 635
93 1269
93 691
93 1336
93 1072
93 1254
93 577
93 109
93 1314
93 1268
94 559
94 437
94 35
94 1393
94 1161
94 24
94 524
94 1099
94 303
94 438
95 283
95 959
95 21
95 585
95 623
95 628
95 240
95 22
95 398
95 437
96 698
96 1239
96 892
96 637
96 705
96 632
96 902
96 1334
96 677
96 682
97 882
97 1327
97 262
97 1331
97 654
97 110
97 1270
97 725
97 783
97 1003
98 245
98 139
98 792
98 638
98 1265
98 631
98 969
98 368
98 679
98 1084
99 719
99 639
99 499
99 716
99 32
99 983
99 958
99 67
99 944
99 618
100 760
100 739
100 741
100 1122
100 740
100 822
100 897
100 886
100 932
100 1173
101 825
101 1119
101 820
101 818
101 1067
101 1120
101 817
101 463
101 20
101 491
102 910
102 913
102 110
102 1270
102 1003
102 1004
102 1005
102 1006
102 1007
102 1008
103 761
103 1127
103 1050
103 826
103 1048
103 1049
103 1128
103 770
103 771
103 720
104 821
104 824
104 863
104 910
104 913
104 825
104 762
104 1316
104 644
104 735
105 764
105 848
105 846
105 847
105 953
105 908
105 763
105 897
105 886
105 929
106 847
106 908
106 764
106 846
106 1039
106 1040
106 1036
106 1037
106 1038
106 1042
107 725
107 909
107 640
107 1279
107 911
107 47
107 209
107 720
107 1165
107 130
108 726
108 724
108 75
108 883
108 884
108 866
108 640
108 881
108 720
108 768
109 142
109 15
109 658
109 627
109 1127
109 51
109 31
109 285
109 864
109 914
110 863
110 1060
110 915
110 1055
110 1399
110 820
110 1146
110 1174
110 744
110 862
111 15
111 894
111 627
111 285
111 864
111 914
111 658
111 202
111 856
111 391
112 730
112 641
112 733
112 735
112 955
112 734
112 736
112 840
112 1054
112 425
113 272
113 1272
113 1333
113 1328
113 748
113 969
113 368
113 594
113 157
113 1342
114 895
114 783
114 918
114 1248
114 965
114 916
114 1290
114 919
114 794
114 780
115 875
115 746
115 142
115 13
115 1100
115 585
115 1083
115 811
115 960
115 181
116 1206
116 1243
116 1239
116 677
116 136
116 632
116 886
116 897
116 929
116 801
117 1032
117 925
117 1328
117 927
117 761
117 1312
117 1285
117 1092
117 710
117 439
118 1239
118 923
118 520
118 610
118 672
118 360
118 1345
118 811
118 172
118 677
119 926
119 1068
119 1129
119 381
119 1145
119 854
119 1176
119 789
119 765
119 1084
120 886
120 769
120 1146
120 897
120 890
120 891
120 739
120 1173
120 887
120 1060
121 1146
121 31
121 886
121 863
121 769
121 820
121 1174
121 744
121 891
121 1173
122 931
122 1118
122 957
122 1070
122 937
122 1100
122 1119
122 929
122 898
122 1117
123 941
123 34
123 1222
123 939
123 1250
123 573
123 966
123 537
123 63
123 310
124 941
124 931
124 1222
124 34
124 63
124 1118
124 1070
124 937
124 957
124 109
125 1074
125 610
125 672
125 1232
125 1093
125 519
125 997
125 923
125 176
125 243
126 974
126 1288
126 1326
126 397
126 368
126 969
126 337
126 942
126 1265
126 451
127 5
127 142
127 518
127 623
127 144
127 585
127 963
127 21
127 399
127 959
128 945
128 92
128 1246
128 988
128 1063
128 1250
128 1388
128 989
128 592
128 650
129 989
129 988
129 945
129 99
129 376
129 165
129 255
129 362
129 998
129 592
130 15
130 948
130 627
130 658
130 285
130 864
130 914
130 728
130 202
130 856
131 1021
131 1028
131 1018
131 1019
131 1035
131 1017
131 1025
131 1020
131 1022
131 1023
132 1017
132 1021
132 1025
132 1018
132 1019
132 1035
132 1020
132 1022
132 1023
132 1024
133 1019
133 1028
133 1018
133 1025
133 1035
133 1017
133 1020
133 1021
133 1022
133 1023
134 1017
134 1028
134 1035
134 1018
134 1019
134 1020
134 1021
134 1024
134 1025
134 1031
135 1019
135 1028
135 1017
135 1018
135 1020
135 1021
135 1024
135 1025
135 1031
135 1035
136 1017
136 1018
136 1019
136 1020
136 1021
136 1024
136 1025
136 1028
136 1031
136 1035
137 952
137 1018
137 1019
137 1025
137 1035
137 1017
137 1024
137 871
137 1020
137 1021
138 953
138 847
138 846
138 764
138 841
138 769
138 1123
138 908
138 897
138 886
139 847
139 953
139 846
139 764
139 841
139 769
139 1123
139 1068
139 908
139 897
140 954
140 1041
140 30
140 726
140 47
140 724
140 1327
140 195
140 497
140 837
141 1041
141 1135
141 828
141 954
141 1138
141 953
141 1100
141 1044
141 931
141 1118
142 1175
142 1373
142 953
142 1136
142 1219
142 1068
142 846
142 885
142 852
142 146
143 954
143 1041
143 1135
143 828
143 1138
143 953
143 831
143 124
143 930
143 1129
144 1045
144 1046
144 1047
144 839
144 955
144 1176
144 841
144 1178
144 800
144 838
145 1045
145 1046
145 1047
145 1176
145 1048
145 838
145 928
145 454
145 826
145 730
146 840
146 955
146 1045
146 1046
146 1047
146 130
146 641
146 1176
146 742
146 838
147 956
147 1049
147 1050
147 1128
147 1127
147 761
147 1069
147 1358
147 1172
147 391
148 1048
148 1127
148 761
148 1146
148 1050
148 826
148 1069
148 820
148 1174
148 1049
149 930
149 931
149 937
149 1070
149 957
149 830
149 130
149 741
149 742
149 926
150 1074
150 1062
150 1243
150 1075
150 923
150 1108
150 230
150 610
150 672
150 285
151 225
151 677
151 1342
151 370
151 1239
151 632
151 287
151 783
151 1340
151 195
152 671
152 333
152 1257
152 678
152 291
152 1239
152 632
152 1337
152 76
152 752
153 1085
153 1088
153 1063
153 228
153 1081
153 1079
153 551
153 150
153 850
153 853
154 1088
154 832
154 1087
154 684
154 1085
154 1262
154 1054
154 225
154 681
154 1231
155 587
155 1097
155 1100
155 1101
155 1099
155 553
155 1241
155 76
155 1098
155 1379
156 553
156 1098
156 1097
156 1100
156 587
156 1096
156 1101
156 1099
156 892
156 82
157 456
157 25
157 1214
157 994
157 101
157 1239
157 294
157 1281
157 27
157 36
158 302
158 949
158 108
158 405
158 958
158 463
158 552
158 183
158 1340
158 129
159 849
159 1197
159 1112
159 192
159 494
159 908
159 1066
159 233
159 1301
159 708
160 1071
160 1134
160 763
160 831
160 769
160 739
160 891
160 897
160 1070
160 886
161 1185
161 1192
161 460
161 959
161 54
161 1386
161 1278
161 562
161 383
161 962
162 460
162 959
162 1278
162 562
162 62
162 962
162 55
162 1366
162 376
162 1383
163 492
163 48
163 56
163 69
163 359
163 57
163 577
163 37
163 354
163 327
164 416
164 1187
164 457
164 311
164 1257
164 959
164 1278
164 1216
164 1383
164 1385
165 504
165 978
165 1268
165 209
165 16
165 348
165 460
165 1301
165 72
165 376
166 504
166 73
166 209
166 271
166 1364
166 16
166 460
166 348
166 1301
166 72
167 587
167 1097
167 1100
167 1101
167 1279
167 1098
167 553
167 1099
167 1241
167 1065
168 217
168 118
168 750
168 301
168 213
168 127
168 965
168 656
168 172
168 136
169 127
169 118
169 750
169 217
169 301
169 213
169 276
169 656
169 172
169 221
170 893
170 905
170 239
170 904
170 238
170 10
170 139
170 1191
170 906
170 867
171 1004
171 1010
171 1003
171 1005
171 1006
171 1007
171 1008
171 1009
171 1011
171 594
172 476
172 322
172 321
172 527
172 320
172 478
172 981
172 1138
172 1311
172 155
173 532
173 367
173 931
173 1152
173 850
173 853
173 917
173 91
173 90
173 681
174 1389
174 411
174 483
174 501
174 1390
174 482
174 402
174 1157
174 190
174 403
175 34
175 1222
175 1191
175 941
175 1080
175 939
175 668
175 670
175 666
175 667
176 542
176 963
176 399
176 518
176 1248
176 869
176 164
176 181
176 1016
176 1013
177 589
177 138
177 592
177 216
177 588
177 590
177 543
177 214
177 237
177 772
178 138
178 592
178 216
178 589
178 214
178 237
178 590
178 772
178 18
178 591
179 468
179 224
179 278
179 703
179 1174
179 680
179 108
179 1108
179 1271
179 227
180 622
180 616
180 548
180 184
180 719
180 578
180 882
180 710
180 620
180 1103
181 1074
181 610
181 672
181 1232
181 1093
181 519
181 997
181 923
181 1075
181 221
182 634
182 285
182 202
182 687
182 503
182 593
182 26
182 15
182 703
182 362
183 804
183 811
183 1243
183 1247
183 1047
183 1045
183 1046
183 583
183 808
183 39
184 1379
184 274
184 1217
184 1219
184 1391
184 32
184 117
184 1333
184 618
184 447
185 15
185 627
185 856
185 285
185 864
185 914
185 658
185 202
185 391
185 1337
186 610
186 672
186 1074
186 230
186 923
186 1243
186 1062
186 1075
186 803
186 1093
187 763
187 841
187 846
187 831
187 936
187 1055
187 1100
187 1071
187 764
187 955
188 725
188 911
188 722
188 1279
188 909
188 720
188 640
188 151
188 1244
188 723
189 881
189 640
189 726
189 767
189 884
189 866
189 768
189 1146
189 883
189 867
190 627
190 15
190 285
190 914
190 864
190 658
190 202
190 856
190 391
190 530
191 15
191 627
191 914
191 285
191 864
191 658
191 728
191 202
191 908
191 724
192 734
192 641
192 644
192 735
192 642
192 1057
192 726
192 109
192 817
192 925
193 730
193 400
193 735
193 641
193 734
193 886
193 1396
193 765
193 890
193 425
194 642
194 932
194 744
194 1146
194 1145
194 740
194 863
194 1060
194 739
194 822
195 642
195 1055
195 932
195 744
195 1054
195 742
195 1293
195 1146
195 1047
195 1045
196 875
196 746
196 142
196 13
196 585
196 181
196 1177
196 303
196 11
196 811
197 881
197 884
197 726
197 768
197 866
197 640
197 883
197 867
197 761
197 1168
198 897
198 886
198 739
198 1173
198 769
198 890
198 741
198 929
198 740
198 743
199 930
199 931
199 130
199 1070
199 937
199 957
199 830
199 1294
199 744
199 1055
200 1134
200 1071
200 1138
200 1041
200 828
200 954
200 159
200 473
200 1294
200 953
201 625
201 1299
201 1245
201 578
201 1189
201 1297
201 1379
201 1391
201 1210
201 1295
202 1285
202 63
202 1303
202 1231
202 814
202 626
202 359
202 1378
202 925
202 225
203 1206
203 44
203 1303
203 1308
203 884
203 63
203 814
203 932
203 923
203 1261
204 1184
204 573
204 139
204 1250
204 1299
204 1368
204 496
204 63
204 117
204 310
205 1321
205 73
205 1287
205 1322
205 1199
205 133
205 459
205 629
205 155
205 1278
206 879
206 1290
206 157
206 468
206 503
206 121
206 404
206 1006
206 1008
206 1007
207 818
207 623
207 925
207 1188
207 344
207 458
207 1185
207 439
207 710
207 579
208 1291
208 1219
208 368
208 1217
208 1379
208 1342
208 453
208 484
208 1280
208 415
209 1278
209 1385
209 1383
209 1228
209 358
209 562
209 16
209 563
209 348
209 547
210 1172
210 1171
210 1118
210 831
210 929
210 897
210 886
210 843
210 889
210 1125
211 897
211 886
211 739
211 1173
211 831
211 891
211 890
211 741
211 769
211 1068
212 1146
212 838
212 888
212 1176
212 642
212 1046
212 1045
212 1047
212 870
212 823
213 885
213 1146
213 822
213 769
213 932
213 928
213 642
213 888
213 1122
213 1293
214 1294
214 1362
214 830
214 831
214 828
214 1036
214 1037
214 1038
214 1039
214 1040
215 535
215 357
215 1205
215 68
215 707
215 770
215 771
215 1356
215 1391
215 328
216 117
216 1032
216 130
216 764
216 330
216 1004
216 1010
216 1007
216 1003
216 1005
217 559
217 283
217 65
217 666
217 501
217 1300
217 623
217 959
217 21
217 585
218 559
218 283
218 666
218 21
218 585
218 623
218 959
218 36
218 1300
218 22
219 680
219 149
219 361
219 18
219 53
219 342
219 1191
219 1080
219 1214
219 703
220 1365
220 460
220 292
220 382
220 458
220 375
220 1182
220 1385
220 629
220 459
221 1366
221 787
221 352
221 165
221 632
221 435
221 1365
221 292
221 489
221 382
222 1399
222 1400
222 1070
222 1357
222 1358
222 400
222 1396
222 419
222 915
222 1060
223 400
223 1399
223 1398
223 863
223 940
223 1400
223 180
223 393
223 664
223 398
224 236
224 1298
224 1157
224 656
224 1158
224 1299
224 1286
224 645
224 1314
224 906
225 1188
225 969
225 1380
225 1344
225 1291
225 367
225 368
225 423
225 592
225 650
